30 30 20 44 35 20 46 46 20 46 30 
20 41 41 20 41 41 20 41 41 20 
41 41 20 41 41 20 41 41 20 30 
35 20 0A 35 35 20 46 46 20 46 
30 20 41 41 20 41 41 20 41 41 
20 41 41 20 41 41 20 41 41 20 
30 35 20 0A 35 35 20 46 46 20 
46 30 20 41 41 20 41 41 20 41 
41 20 41 41 20 41 41 20 41 41 
20 30 35 20 0A 35 35 20 46 46 
20 46 30 20 41 41 20 41 41 20 
41 41 20 41 41 20 41 41 20 41 
41 20 30 35 20 0A 35 35 20 44 
34 20 30 30 20 30 30 20 30 30 
20 30 30 20 30 30 20 30 30 20 
34 38 20 30 35 20 0A 35 35 20 
46 46 20 46 30 20 41 41 20 41 
41 20 41 41 20 41 41 20 41 41 
20 41 41 20 30 35 20 0A 35 35 
20 46 46 20 46 30 20 41 41 20 
41 41 20 41 41 20 41 41 20 41 
41 20 41 41 20 30 35 20 0A 35 
35 20 44 36 20 38 38 20 38 38 
20 38 38 20 31 34 20 35 30 20 
41 41 20 42 30 20 30 35 20 0A 
35 35 20 46 46 20 46 30 20 41 
41 20 41 41 20 41 41 20 41 41 
20 41 41 20 41 41 20 30 35 20 
0A 35 35 20 46 46 20 46 30 20 
41 41 20 41 41 20 41 41 20 41 
41 20 41 41 20 41 41 20 30 35 
20 0A 35 35 20 46 46 20 46 30 
20 41 41 20 41 41 20 41 41 20 
41 41 20 41 41 20 41 41 20 30 
35 20 0A 35 35 20 46 46 20 46 
30 20 41 41 20 41 41 20 41 41 
20 41 41 20 41 41 20 41 41 20 
30 35 20 0A 35 35 20 46 46 20 
46 30 20 41 41 20 41 41 20 41 
41 20 41 41 20 41 41 20 41 41 
20 30 35 20 0A 35 35 20 44 36 
20 38 38 20 38 38 20 38 38 20 
31 34 20 35 30 20 41 41 20 42 
30 20 30 35 20 0A 35 35 20 46 
46 20 46 30 20 41 41 20 41 41 
20 41 41 20 41 41 20 41 41 20 
41 41 20 30 35 20 0A 35 35 20 
46 46 20 46 30 20 41 41 20 41 
41 20 41 41 20 41 41 20 41 41 
20 41 41 20 30 35 20 0A 35 35 
20 46 46 20 46 30 20 41 41 20 
41 41 20 41 41 20 41 41 20 41 
41 20 41 41 20 30 35 20 0A 35 
35 20 46 46 20 46 30 20 41 41 
20 41 41 20 41 41 20 41 41 20 
41 41 20 41 41 20 30 35 20 0A 
35 35 20 46 46 20 46 30 20 41 
41 20 41 41 20 41 41 20 41 41 
20 41 41 20 41 41 20 30 35 20 
0A 35 35 20 44 36 20 38 38 20 
38 38 20 38 38 20 31 34 20 35 
30 20 41 41 20 42 30 20 30 35 
20 0A 35 35 20 46 46 20 46 30 
20 41 41 20 41 41 20 41 41 20 
41 41 20 41 41 20 41 41 20 30 
35 20 0A 35 35 20 46 46 20 46 
30 20 41 41 20 41 41 20 41 41 
20 41 41 20 41 41 20 41 41 20 
30 35 20 0A 35 35 20 46 46 20 
46 30 20 41 41 20 41 41 20 41 
41 20 41 41 20 41 41 20 41 41 
20 30 35 20 0A 35 35 20 46 46 
20 46 30 20 41 41 20 41 41 20 
41 41 20 41 41 20 41 41 20 41 
41 20 30 35 20 0A 35 35 20 46 
46 20 46 30 20 41 41 20 41 41 
20 41 41 20 41 41 20 41 41 20 
41 41 20 30 35 20 0A 35 35 20 
44 36 20 38 38 20 38 38 20 38 
38 20 31 34 20 35 30 20 41 41 
20 42 30 20 30 35 20 0A 35 35 
20 46 46 20 46 30 20 41 41 20 
41 41 20 41 41 20 41 41 20 41 
41 20 41 41 20 30 35 20 0A 35 
35 20 46 46 20 46 30 20 41 41 
20 41 41 20 41 41 20 41 41 20 
41 41 20 41 41 20 30 35 20 0A 
35 35 20 46 46 20 46 30 20 41 
41 20 41 41 20 41 41 20 41 41 
20 41 41 20 41 41 20 30 35 20 
0A 35 35 20 46 46 20 46 30 20 
41 41 20 41 41 20 41 41 20 41 
41 20 41 41 20 41 41 20 30 35 
20 0A 35 35 20 44 36 20 38 38 
20 38 38 20 38 38 20 31 34 20 
35 30 20 41 41 20 42 30 20 30 
35 20 0A 35 35 20 46 46 20 46 
30 20 41 41 20 41 41 20 41 41 
20 41 41 20 41 41 20 41 41 20 
30 35 20 0A 35 35 20 46 46 20 
46 30 20 41 41 20 41 41 20 41 
41 20 41 41 20 41 41 20 41 41 
20 30 35 20 0A 35 35 20 46 46 
20 46 30 20 41 41 20 41 41 20 
41 41 20 41 41 20 41 41 20 41 
41 20 30 35 20 0A 35 35 20 46 
46 20 46 30 20 41 41 20 41 41 
20 41 41 20 41 41 20 41 41 20 
41 41 20 30 35 20 0A 35 35 20 
46 46 20 46 30 20 41 41 20 41 
41 20 41 41 20 41 41 20 41 41 
20 41 41 20 30 35 20 0A 35 35 
20 44 36 20 38 38 20 38 38 20 
38 38 20 31 34 20 35 30 20 41 
41 20 42 30 20 30 35 20 0A 35 
35 20 46 46 20 46 30 20 41 41 
20 41 41 20 41 41 20 41 41 20 
41 41 20 41 41 20 30 35 20 0A 
35 35 20 46 46 20 46 30 20 41 
41 20 41 41 20 41 41 20 41 41 
20 41 41 20 41 41 20 30 35 20 
0A 35 35 20 46 46 20 46 30 20 
41 41 20 41 41 20 41 41 20 41 
41 20 41 41 20 41 41 20 30 35 
20 0A 35 35 20 46 46 20 46 30 
20 41 41 20 41 41 20 41 41 20 
41 41 20 41 41 20 41 41 20 30 
35 20 0A 35 35 20 46 46 20 46 
30 20 41 41 20 41 41 20 41 41 
20 41 41 20 41 41 20 41 41 20 
30 35 20 0A 35 35 20 44 36 20 
38 38 20 38 38 20 38 38 20 31 
34 20 35 30 20 41 41 20 42 30 
20 30 35 20 0A 35 35 20 46 46 
20 46 30 20 41 41 20 41 41 20 
41 41 20 41 41 20 41 41 20 41 
41 20 30 35 20 0A 35 35 20 46 
46 20 46 30 20 41 41 20 41 41 
20 41 41 20 41 41 20 41 41 20 
41 41 20 30 35 20 0A 35 35 20 
46 46 20 46 30 20 41 41 20 41 
41 20 41 41 20 41 41 20 41 41 
20 41 41 20 30 35 20 0A 35 35 
20 46 46 20 46 30 20 41 41 20 
41 41 20 41 41 20 41 41 20 41 
41 20 41 41 20 30 35 20 0A 35 
35 20 46 46 20 46 30 20 41 41 
20 41 41 20 41 41 20 41 41 20 
41 41 20 41 41 20 30 35 20 0A 
35 35 20 44 36 20 38 38 20 38 
38 20 38 38 20 31 34 20 35 30 
20 41 41 20 42 30 20 30 35 20 
0A 35 35 20 46 46 20 46 30 20 
41 41 20 41 41 20 41 41 20 41 
41 20 41 41 20 41 41 20 30 35 
20 0A 35 35 20 46 46 20 46 30 
20 41 41 20 41 41 20 41 41 20 
41 41 20 41 41 20 41 41 20 30 
35 20 0A 35 35 20 46 46 20 46 
30 20 41 41 20 41 41 20 41 41 
20 41 41 20 41 41 20 41 41 20 
30 35 20 0A 35 35 20 46 46 20 
46 30 20 41 41 20 41 41 20 41 
41 20 41 41 20 41 41 20 41 41 
20 30 35 20 0A 35 35 20 46 46 
20 46 30 20 41 41 20 41 41 20 
41 41 20 41 41 20 41 41 20 41 
41 20 30 35 20 0A 35 35 20 44 
36 20 38 38 20 38 38 20 38 38 
20 31 34 20 35 30 20 41 41 20 
42 30 20 30 35 20 0A 35 35 20 
46 46 20 46 30 20 41 41 20 41 
41 20 41 41 20 41 41 20 41 41 
20 41 41 20 30 35 20 0A 35 35 
20 46 46 20 46 30 20 41 41 20 
41 41 20 41 41 20 41 41 20 41 
41 20 41 41 20 30 35 20 0A 35 
35 20 46 46 20 46 30 20 41 41 
20 41 41 20 41 41 20 41 41 20 
41 41 20 41 41 20 30 35 20 0A 
35 35 20 44 42 20 38 30 20 30 
30 20 30 33 20 30 33 20 46 46 
20 46 46 20 31 31 20 30 35 20 
0A 35 35 20 44 42 20 30 30 20 
30 30 20 30 33 20 30 33 20 46 
46 20 46 46 20 31 31 20 30 35 
20 0A 35 35 20 44 35 20 30 30 
20 46 46 20 46 46 20 46 46 20 
46 46 20 46 46 20 38 33 20 30 
35 20 0A 35 35 20 44 35 20 30 
30 20 46 46 20 46 46 20 46 46 
20 46 46 20 46 46 20 38 33 20 
30 35 20 0A 35 35 20 46 46 20 
46 30 20 41 41 20 41 41 20 41 
41 20 41 41 20 41 41 20 41 41 
20 30 35 20 0A 35 35 20 46 46 
20 46 30 20 41 41 20 41 41 20 
41 41 20 41 41 20 41 41 20 41 
41 20 30 35 20 0A 35 35 20 46 
46 20 46 30 20 41 41 20 41 41 
20 41 41 20 41 41 20 41 41 20 
41 41 20 30 35 20 0A 35 35 20 
44 36 20 38 38 20 38 38 20 38 
38 20 31 34 20 35 30 20 41 41 
20 42 30 20 30 35 20 0A 35 35 
20 46 46 20 46 30 20 41 41 20 
41 41 20 41 41 20 41 41 20 41 
41 20 41 41 20 30 35 20 0A 35 
35 20 46 46 20 46 30 20 41 41 
20 41 41 20 41 41 20 41 41 20 
41 41 20 41 41 20 30 35 20 0A 
35 35 20 46 46 20 46 30 20 41 
41 20 41 41 20 41 41 20 41 41 
20 41 41 20 41 41 20 30 35 20 
0A 35 35 20 46 46 20 46 30 20 
41 41 20 41 41 20 41 41 20 41 
41 20 41 41 20 41 41 20 30 35 
20 0A 35 35 20 46 46 20 46 30 
20 41 41 20 41 41 20 41 41 20 
41 41 20 41 41 20 41 41 20 30 
35 20 0A 35 35 20 44 36 20 38 
38 20 38 38 20 38 38 20 31 34 
20 35 30 20 41 41 20 42 30 20 
30 35 20 0A 35 35 20 46 46 20 
46 30 20 41 41 20 41 41 20 41 
41 20 41 41 20 41 41 20 41 41 
20 30 35 20 0A 35 35 20 46 46 
20 46 30 20 41 41 20 41 41 20 
41 41 20 41 41 20 41 41 20 41 
41 20 30 35 20 0A 35 35 20 46 
46 20 46 30 20 41 41 20 41 41 
20 41 41 20 41 41 20 41 41 20 
41 41 20 30 35 20 0A 35 35 20 
46 46 20 46 30 20 41 41 20 41 
41 20 41 41 20 41 41 20 41 41 
20 41 41 20 30 35 20 0A 35 35 
20 46 46 20 46 30 20 41 41 20 
41 41 20 41 41 20 41 41 20 41 
41 20 41 41 20 30 35 20 0A 35 
35 20 44 36 20 38 38 20 38 38 
20 38 38 20 31 34 20 35 30 20 
41 41 20 42 30 20 30 35 20 0A 
35 35 20 46 46 20 46 30 20 41 
41 20 41 41 20 41 41 20 41 41 
20 41 41 20 41 41 20 30 35 20 
0A 35 35 20 46 46 20 46 30 20 
41 41 20 41 41 20 41 41 20 41 
41 20 41 41 20 41 41 20 30 35 
20 0A 35 35 20 46 46 20 46 30 
20 41 41 20 41 41 20 41 41 20 
41 41 20 41 41 20 41 41 20 30 
35 20 0A 35 35 20 46 46 20 46 
30 20 41 41 20 41 41 20 41 41 
20 41 41 20 41 41 20 41 41 20 
30 35 20 0A 35 35 20 46 46 20 
46 30 20 41 41 20 41 41 20 41 
41 20 41 41 20 41 41 20 41 41 
20 30 35 20 0A 35 35 20 44 36 
20 38 38 20 38 38 20 38 38 20 
31 34 20 35 30 20 41 41 20 42 
30 20 30 35 20 0A 35 35 20 46 
46 20 46 30 20 41 41 20 41 41 
20 41 41 20 41 41 20 41 41 20 
41 41 20 30 35 20 0A 35 35 20 
46 46 20 46 30 20 41 41 20 41 
41 20 41 41 20 41 41 20 41 41 
20 41 41 20 30 35 20 0A 35 35 
20 46 46 20 46 30 20 41 41 20 
41 41 20 41 41 20 41 41 20 41 
41 20 41 41 20 30 35 20 0A 35 
35 20 46 46 20 46 30 20 41 41 
20 41 41 20 41 41 20 41 41 20 
41 41 20 41 41 20 30 35 20 0A 
35 35 20 44 36 20 38 38 20 38 
38 20 38 38 20 31 34 20 35 30 
20 41 41 20 42 30 20 30 35 20 
0A 35 35 20 46 46 20 46 30 20 
41 41 20 41 41 20 41 41 20 41 
41 20 41 41 20 41 41 20 30 35 
20 0A 35 35 20 46 46 20 46 30 
20 41 41 20 41 41 20 41 41 20 
41 41 20 41 41 20 41 41 20 30 
35 20 0A 35 35 20 44 42 20 30 
30 20 30 30 20 30 33 20 30 33 
20 46 46 20 46 46 20 31 31 20 
30 35 20 0A 35 35 20 44 42 20 
30 30 20 30 30 20 30 33 20 30 
33 20 46 46 20 46 46 20 31 31 
20 30 35 20 0A 35 35 20 44 35 
20 30 30 20 46 46 20 46 46 20 
46 46 20 46 46 20 46 46 20 38 
33 20 30 35 20 0A 35 35 20 44 
35 20 30 30 20 46 46 20 46 46 
20 46 46 20 46 46 20 46 46 20 
38 33 20 30 35 20 0A 35 35 20 
46 46 20 46 30 20 41 41 20 41 
41 20 41 41 20 41 41 20 41 41 
20 41 41 20 30 35 20 0A 35 35 
20 44 30 20 46 46 20 30 41 20 
30 35 20 41 41 20 41 41 20 41 
41 20 41 44 20 30 35 20 0A 35 
35 20 44 30 20 46 46 20 30 41 
20 30 35 20 41 41 20 41 41 20 
41 41 20 41 44 20 30 35 20 0A 
35 35 20 44 44 20 30 30 20 41 
41 20 41 41 20 41 41 20 41 41 
20 41 41 20 34 32 20 30 35 20 
0A 35 35 20 44 44 20 30 30 20 
41 41 20 41 41 20 41 41 20 41 
41 20 41 41 20 34 32 20 30 35 
20 0A 35 35 20 46 46 20 46 30 
20 41 41 20 41 41 20 41 41 20 
41 41 20 41 41 20 41 41 20 30 
35 20 0A 35 35 20 46 46 20 46 
30 20 41 41 20 41 41 20 41 41 
20 41 41 20 41 41 20 41 41 20 
30 35 20 0A 35 35 20 46 46 20 
46 30 20 41 41 20 41 41 20 41 
41 20 41 41 20 41 41 20 41 41 
20 30 35 20 0A 35 35 20 46 46 
20 46 30 20 41 41 20 41 41 20 
41 41 20 41 41 20 41 41 20 41 
41 20 30 35 20 0A 35 35 20 46 
46 20 46 30 20 41 41 20 41 41 
20 41 41 20 41 41 20 41 41 20 
41 41 20 30 35 20 0A 35 35 20 
44 36 20 38 38 20 38 38 20 38 
38 20 31 34 20 35 30 20 41 41 
20 42 30 20 30 35 20 0A 35 35 
20 46 46 20 46 30 20 41 41 20 
41 41 20 41 41 20 41 41 20 41 
41 20 41 41 20 30 35 20 0A 35 
35 20 46 46 20 46 30 20 41 41 
20 41 41 20 41 41 20 41 41 20 
41 41 20 41 41 20 30 35 20 0A 
35 35 20 46 46 20 46 30 20 41 
41 20 41 41 20 41 41 20 41 41 
20 41 41 20 41 41 20 30 35 20 
0A 35 35 20 46 46 20 46 30 20 
41 41 20 41 41 20 41 41 20 41 
41 20 41 41 20 41 41 20 30 35 
20 0A 35 35 20 44 36 20 38 38 
20 38 38 20 38 38 20 31 34 20 
35 30 20 41 41 20 42 30 20 30 
35 20 0A 35 35 20 46 46 20 46 
30 20 41 41 20 41 41 20 41 41 
20 41 41 20 41 41 20 41 41 20 
30 35 20 0A 35 35 20 46 46 20 
46 30 20 41 41 20 41 41 20 41 
41 20 41 41 20 41 41 20 41 41 
20 30 35 20 0A 35 35 20 46 46 
20 46 31 20 41 41 20 41 41 20 
41 41 20 41 41 20 41 41 20 46 
44 20 30 35 20 0A 35 35 20 46 
46 20 46 32 20 41 41 20 41 41 
20 41 41 20 41 41 20 41 41 20 
30 34 20 30 35 20 0A 35 35 20 
46 46 20 46 33 20 41 41 20 41 
41 20 41 41 20 41 41 20 41 41 
20 35 33 20 30 35 20 0A 35 35 
20 46 46 20 46 34 20 41 41 20 
41 41 20 41 41 20 41 41 20 41 
41 20 43 37 20 30 35 20 0A 35 
35 20 46 46 20 46 35 20 41 41 
20 41 41 20 41 41 20 41 41 20 
41 41 20 39 30 20 30 35 20 0A 
35 35 20 44 36 20 38 38 20 38 
38 20 38 38 20 31 34 20 35 30 
20 41 41 20 42 30 20 30 35 20 
0A 35 35 20 46 46 20 46 35 20 
41 41 20 41 41 20 41 41 20 41 
41 20 41 41 20 39 30 20 30 35 
20 0A 35 35 20 46 46 20 46 36 
20 41 41 20 41 41 20 41 41 20 
41 41 20 41 41 20 36 39 20 30 
35 20 0A 35 35 20 46 46 20 46 
36 20 41 41 20 41 41 20 41 41 
20 41 41 20 41 41 20 36 39 20 
30 35 20 0A 35 35 20 41 41 20 
31 38 20 30 36 20 46 30 20 46 
30 20 46 30 20 46 30 20 39 33 
20 30 35 20 0A 35 35 20 41 41 
20 30 43 20 30 36 20 46 30 20 
46 30 20 46 30 20 46 30 20 37 
42 20 30 35 20 0A 35 35 20 45 
45 20 45 37 20 41 41 20 41 41 
20 41 41 20 41 41 20 41 41 20 
44 44 20 30 35 20 0A 35 35 20 
45 45 20 45 37 20 41 41 20 41 
41 20 41 41 20 41 41 20 41 41 
20 44 44 20 30 35 20 0A 35 35 
20 44 34 20 30 30 20 30 30 20 
30 30 20 30 31 20 30 30 20 30 
30 20 30 45 20 30 35 20 0A 35 
35 20 44 33 20 38 30 20 46 46 
20 46 46 20 46 46 20 46 46 20 
46 46 20 37 42 20 30 35 20 0A 
35 35 20 41 41 20 31 38 20 30 
36 20 46 30 20 46 30 20 46 30 
20 46 30 20 39 33 20 30 35 20 
0A 35 35 20 41 41 20 30 43 20 
30 36 20 46 30 20 46 30 20 46 
30 20 46 30 20 37 42 20 30 35 
20 0A 35 35 20 45 45 20 46 45 
20 41 41 20 41 41 20 41 41 20 
41 41 20 41 41 20 44 35 20 30 
35 20 0A 35 35 20 45 45 20 46 
45 20 41 41 20 41 41 20 41 41 
20 41 41 20 41 41 20 44 35 20 
30 35 20 0A 35 35 20 46 46 20 
46 36 20 41 41 20 41 41 20 41 
41 20 41 41 20 41 41 20 36 39 
20 30 35 20 0A 35 35 20 45 45 
20 45 37 20 41 41 20 41 41 20 
41 41 20 41 41 20 41 41 20 44 
44 20 30 35 20 0A 35 35 20 45 
45 20 45 37 20 41 41 20 41 41 
20 41 41 20 41 41 20 41 41 20 
44 44 20 30 35 20 0A 35 35 20 
46 46 20 46 36 20 41 41 20 41 
41 20 41 41 20 41 41 20 41 41 
20 36 39 20 30 35 20 0A 35 35 
20 45 45 20 45 37 20 41 41 20 
41 41 20 41 41 20 41 41 20 41 
41 20 44 44 20 30 35 20 0A 35 
35 20 45 45 20 45 37 20 41 41 
20 41 41 20 41 41 20 41 41 20 
41 41 20 44 44 20 30 35 20 0A 
35 35 20 44 34 20 30 30 20 30 
30 20 30 30 20 30 31 20 30 30 
20 30 30 20 30 45 20 30 35 20 
0A 35 35 20 46 46 20 46 36 20 
41 41 20 41 41 20 41 41 20 41 
41 20 41 41 20 36 39 20 30 35 
20 0A 35 35 20 44 33 20 38 30 
20 46 46 20 46 46 20 46 46 20 
46 46 20 46 46 20 37 42 20 30 
35 20 0A 35 35 20 45 45 20 45 
37 20 41 41 20 41 41 20 41 41 
20 41 41 20 41 41 20 44 44 20 
30 35 20 0A 35 35 20 45 45 20 
45 37 20 41 41 20 41 41 20 41 
41 20 41 41 20 41 41 20 44 44 
20 30 35 20 0A 35 35 20 46 46 
20 46 36 20 41 41 20 41 41 20 
41 41 20 41 41 20 41 41 20 36 
39 20 30 35 20 0A 35 35 20 44 
36 20 38 38 20 38 38 20 38 38 
20 31 34 20 35 30 20 41 41 20 
42 30 20 30 35 20 0A 35 35 20 
45 45 20 45 37 20 41 41 20 41 
41 20 41 41 20 41 41 20 41 41 
20 44 44 20 30 35 20 0A 35 35 
20 45 45 20 45 37 20 41 41 20 
41 41 20 41 41 20 41 41 20 41 
41 20 44 44 20 30 35 20 0A 35 
35 20 46 46 20 46 36 20 41 41 
20 41 41 20 41 41 20 41 41 20 
41 41 20 36 39 20 30 35 20 0A 
35 35 20 45 45 20 45 37 20 41 
41 20 41 41 20 41 41 20 41 41 
20 41 41 20 44 44 20 30 35 20 
0A 35 35 20 45 45 20 45 37 20 
41 41 20 41 41 20 41 41 20 41 
41 20 41 41 20 44 44 20 30 35 
20 0A 35 35 20 44 34 20 30 30 
20 30 30 20 30 30 20 30 31 20 
30 30 20 38 30 20 30 45 20 30 
35 20 0A 35 35 20 46 46 20 46 
36 20 41 41 20 41 41 20 41 41 
20 41 41 20 41 41 20 36 39 20 
30 35 20 0A 35 35 20 44 33 20 
38 30 20 46 46 20 46 46 20 46 
46 20 46 46 20 46 46 20 37 42 
20 30 35 20 0A 35 35 20 45 45 
20 45 37 20 41 41 20 41 41 20 
41 41 20 41 41 20 41 41 20 44 
44 20 30 35 20 0A 35 35 20 45 
45 20 45 37 20 41 41 20 41 41 
20 41 41 20 41 41 20 41 41 20 
44 44 20 30 35 20 0A 35 35 20 
46 46 20 46 36 20 41 41 20 41 
41 20 41 41 20 41 41 20 41 41 
20 36 39 20 30 35 20 0A 35 35 
20 45 45 20 45 37 20 41 41 20 
41 41 20 41 41 20 41 41 20 41 
41 20 44 44 20 30 35 20 0A 35 
35 20 45 45 20 45 37 20 41 41 
20 41 41 20 41 41 20 41 41 20 
41 41 20 44 44 20 30 35 20 0A 
35 35 20 46 46 20 46 36 20 41 
41 20 41 41 20 41 41 20 41 41 
20 41 41 20 36 39 20 30 35 20 
0A 35 35 20 45 45 20 45 37 20 
41 41 20 41 41 20 41 41 20 41 
41 20 41 41 20 44 44 20 30 35 
20 0A 35 35 20 45 45 20 45 37 
20 41 41 20 41 41 20 41 41 20 
41 41 20 41 41 20 44 44 20 30 
35 20 0A 35 35 20 44 34 20 30 
30 20 30 30 20 30 30 20 30 31 
20 30 30 20 30 30 20 30 45 20 
30 35 20 0A 35 35 20 46 46 20 
46 36 20 41 41 20 41 41 20 41 
41 20 41 41 20 41 41 20 36 39 
20 30 35 20 0A 35 35 20 44 33 
20 38 30 20 46 46 20 46 46 20 
46 46 20 46 46 20 46 46 20 37 
42 20 30 35 20 0A 35 35 20 46 
46 20 46 36 20 41 41 20 41 41 
20 41 41 20 41 41 20 41 41 20 
36 39 20 30 35 20 0A 35 35 20 
44 36 20 38 38 20 38 38 20 38 
38 20 31 34 20 35 30 20 41 41 
20 42 30 20 30 35 20 0A 35 35 
20 46 46 20 46 36 20 41 41 20 
41 41 20 41 41 20 41 41 20 41 
41 20 36 39 20 30 35 20 0A 35 
35 20 44 34 20 30 30 20 30 30 
20 30 30 20 30 31 20 30 30 20 
30 30 20 30 45 20 30 35 20 0A 
35 35 20 46 46 20 46 36 20 41 
41 20 41 41 20 41 41 20 41 41 
20 41 41 20 36 39 20 30 35 20 
0A 35 35 20 44 33 20 38 30 20 
46 46 20 46 46 20 46 46 20 46 
46 20 46 46 20 37 42 20 30 35 
20 0A 35 35 20 46 46 20 46 36 
20 41 41 20 41 41 20 41 41 20 
41 41 20 41 41 20 36 39 20 30 
35 20 0A 35 35 20 41 41 20 31 
38 20 30 36 20 46 30 20 46 30 
20 46 30 20 46 30 20 39 33 20 
30 35 20 0A 35 35 20 41 41 20 
30 43 20 30 36 20 46 30 20 46 
30 20 46 30 20 46 30 20 37 42 
20 30 35 20 0A 35 35 20 45 45 
20 45 37 20 41 41 20 41 41 20 
41 41 20 41 41 20 41 41 20 44 
44 20 30 35 20 0A 35 35 20 45 
45 20 45 37 20 41 41 20 41 41 
20 41 41 20 41 41 20 41 41 20 
44 44 20 30 35 20 0A 35 35 20 
44 34 20 30 30 20 30 30 20 30 
32 20 30 30 20 30 30 20 38 41 
20 45 45 20 30 35 20 0A 35 35 
20 44 33 20 38 30 20 46 46 20 
46 46 20 46 46 20 46 46 20 46 
46 20 37 42 20 30 35 20 0A 35 
35 20 41 41 20 31 38 20 30 36 
20 46 30 20 46 30 20 46 30 20 
46 30 20 39 33 20 30 35 20 0A 
35 35 20 41 41 20 30 43 20 30 
36 20 46 30 20 46 30 20 46 30 
20 46 30 20 37 42 20 30 35 20 
0A 35 35 20 45 45 20 46 45 20 
41 41 20 41 41 20 41 41 20 41 
41 20 41 41 20 44 35 20 30 35 
20 0A 35 35 20 45 45 20 46 45 
20 41 41 20 41 41 20 41 41 20 
41 41 20 41 41 20 44 35 20 30 
35 20 0A 35 35 20 46 46 20 46 
36 20 41 41 20 41 41 20 41 41 
20 41 41 20 41 41 20 36 39 20 
30 35 20 0A 35 35 20 45 45 20 
45 37 20 41 41 20 41 41 20 41 
41 20 41 41 20 41 41 20 44 44 
20 30 35 20 0A 35 35 20 45 45 
20 45 37 20 41 41 20 41 41 20 
41 41 20 41 41 20 41 41 20 44 
44 20 30 35 20 0A 35 35 20 44 
34 20 30 30 20 30 30 20 30 32 
20 38 30 20 30 30 20 38 41 20 
45 45 20 30 35 20 0A 35 35 20 
46 46 20 46 36 20 41 41 20 41 
41 20 41 41 20 41 41 20 41 41 
20 36 39 20 30 35 20 0A 35 35 
20 44 33 20 38 30 20 46 46 20 
46 46 20 46 46 20 46 46 20 46 
46 20 37 42 20 30 35 20 0A 35 
35 20 45 45 20 45 37 20 41 41 
20 41 41 20 41 41 20 41 41 20 
41 41 20 44 44 20 30 35 20 0A 
35 35 20 45 45 20 45 37 20 41 
41 20 41 41 20 41 41 20 41 41 
20 41 41 20 44 44 20 30 35 20 
0A 35 35 20 46 46 20 46 36 20 
41 41 20 41 41 20 41 41 20 41 
41 20 41 41 20 36 39 20 30 35 
20 0A 35 35 20 44 36 20 38 38 
20 38 38 20 38 38 20 31 34 20 
35 30 20 41 41 20 42 30 20 30 
35 20 0A 35 35 20 45 45 20 45 
37 20 41 41 20 41 41 20 41 41 
20 41 41 20 41 41 20 44 44 20 
30 35 20 0A 35 35 20 45 45 20 
45 37 20 41 41 20 41 41 20 41 
41 20 41 41 20 41 41 20 44 44 
20 30 35 20 0A 35 35 20 46 46 
20 46 36 20 41 41 20 41 41 20 
41 41 20 41 41 20 41 41 20 36 
39 20 30 35 20 0A 35 35 20 45 
45 20 45 37 20 41 41 20 41 41 
20 41 41 20 41 41 20 41 41 20 
44 44 20 30 35 20 0A 35 35 20 
45 45 20 45 37 20 41 41 20 41 
41 20 41 41 20 41 41 20 41 41 
20 44 44 20 30 35 20 0A 35 35 
20 44 34 20 30 30 20 30 30 20 
30 32 20 30 30 20 30 30 20 38 
41 20 45 45 20 30 35 20 0A 35 
35 20 44 33 20 38 30 20 46 46 
20 46 46 20 46 46 20 46 46 20 
46 46 20 37 42 20 30 35 20 0A 
35 35 20 46 46 20 46 36 20 41 
41 20 41 41 20 41 41 20 41 41 
20 41 41 20 36 39 20 30 35 20 
0A 35 35 20 45 45 20 45 37 20 
41 41 20 41 41 20 41 41 20 41 
41 20 41 41 20 44 44 20 30 35 
20 0A 35 35 20 45 45 20 45 37 
20 41 41 20 41 41 20 41 41 20 
41 41 20 41 41 20 44 44 20 30 
35 20 0A 35 35 20 46 46 20 46 
36 20 41 41 20 41 41 20 41 41 
20 41 41 20 41 41 20 36 39 20 
30 35 20 0A 35 35 20 45 45 20 
45 37 20 41 41 20 41 41 20 41 
41 20 41 41 20 41 41 20 44 44 
20 30 35 20 0A 35 35 20 45 45 
20 45 37 20 41 41 20 41 41 20 
41 41 20 41 41 20 41 41 20 44 
44 20 30 35 20 0A 35 35 20 46 
46 20 46 36 20 41 41 20 41 41 
20 41 41 20 41 41 20 41 41 20 
36 39 20 30 35 20 0A 35 35 20 
45 45 20 45 37 20 41 41 20 41 
41 20 41 41 20 41 41 20 41 41 
20 44 44 20 30 35 20 0A 35 35 
20 45 45 20 45 37 20 41 41 20 
41 41 20 41 41 20 41 41 20 41 
41 20 44 44 20 30 35 20 0A 35 
35 20 44 34 20 30 30 20 30 30 
20 30 32 20 30 30 20 30 30 20 
38 41 20 45 45 20 30 35 20 0A 
35 35 20 44 33 20 38 30 20 46 
46 20 46 46 20 46 46 20 46 46 
20 46 46 20 37 42 20 30 35 20 
0A 35 35 20 46 46 20 46 36 20 
41 41 20 41 41 20 41 41 20 41 
41 20 41 41 20 36 39 20 30 35 
20 0A 35 35 20 45 45 20 45 37 
20 41 41 20 41 41 20 41 41 20 
41 41 20 41 41 20 44 44 20 30 
35 20 0A 35 35 20 45 45 20 45 
37 20 41 41 20 41 41 20 41 41 
20 41 41 20 41 41 20 44 44 20 
30 35 20 0A 35 35 20 44 36 20 
38 38 20 38 38 20 38 38 20 31 
34 20 35 30 20 41 41 20 42 30 
20 30 35 20 0A 35 35 20 46 46 
20 46 36 20 41 41 20 41 41 20 
41 41 20 41 41 20 41 41 20 36 
39 20 30 35 20 0A 35 35 20 46 
46 20 46 36 20 41 41 20 41 41 
20 41 41 20 41 41 20 41 41 20 
36 39 20 30 35 20 0A 35 35 20 
44 34 20 30 30 20 30 30 20 30 
32 20 30 30 20 30 30 20 38 41 
20 45 45 20 30 35 20 0A 35 35 
20 44 33 20 38 30 20 46 46 20 
46 46 20 46 46 20 46 46 20 46 
46 20 37 42 20 30 35 20 0A 35 
35 20 46 46 20 46 36 20 41 41 
20 41 41 20 41 41 20 41 41 20 
41 41 20 36 39 20 30 35 20 0A 
35 35 20 46 46 20 46 36 20 41 
41 20 41 41 20 41 41 20 41 41 
20 41 41 20 36 39 20 30 35 20 
0A 35 35 20 41 41 20 31 38 20 
30 36 20 46 30 20 46 30 20 46 
30 20 46 30 20 39 33 20 30 35 
20 0A 35 35 20 41 41 20 30 43 
20 30 36 20 46 30 20 46 30 20 
46 30 20 46 30 20 37 42 20 30 
35 20 0A 35 35 20 45 45 20 45 
37 20 41 41 20 41 41 20 41 41 
20 41 41 20 41 41 20 44 44 20 
30 35 20 0A 35 35 20 45 45 20 
45 37 20 41 41 20 41 41 20 41 
41 20 41 41 20 41 41 20 44 44 
20 30 35 20 0A 35 35 20 44 34 
20 30 30 20 30 30 20 30 32 20 
38 31 20 30 30 20 38 32 20 31 
31 20 30 35 20 0A 35 35 20 44 
33 20 38 30 20 46 46 20 46 46 
20 46 46 20 46 46 20 46 46 20 
37 42 20 30 35 20 0A 35 35 20 
41 41 20 31 38 20 30 36 20 46 
30 20 46 30 20 46 30 20 46 30 
20 39 33 20 30 35 20 0A 35 35 
20 41 41 20 30 43 20 30 36 20 
46 30 20 46 30 20 46 30 20 46 
30 20 37 42 20 30 35 20 0A 35 
35 20 45 45 20 46 45 20 41 41 
20 41 41 20 41 41 20 41 41 20 
41 41 20 44 35 20 30 35 20 0A 
35 35 20 45 45 20 46 45 20 41 
41 20 41 41 20 41 41 20 41 41 
20 41 41 20 44 35 20 30 35 20 
0A 35 35 20 46 46 20 46 36 20 
41 41 20 41 41 20 41 41 20 41 
41 20 41 41 20 36 39 20 30 35 
20 0A 35 35 20 44 34 20 30 30 
20 30 30 20 30 32 20 30 31 20 
30 30 20 38 32 20 31 31 20 30 
35 20 0A 35 35 20 45 45 20 45 
37 20 41 41 20 41 41 20 41 41 
20 41 41 20 41 41 20 44 44 20 
30 35 20 0A 35 35 20 45 45 20 
45 37 20 41 41 20 41 41 20 41 
41 20 41 41 20 41 41 20 44 44 
20 30 35 20 0A 35 35 20 44 33 
20 38 30 20 46 46 20 46 46 20 
46 46 20 46 46 20 46 46 20 37 
42 20 30 35 20 0A 35 35 20 46 
46 20 46 36 20 41 41 20 41 41 
20 41 41 20 41 41 20 41 41 20 
36 39 20 30 35 20 0A 35 35 20 
45 45 20 45 37 20 41 41 20 41 
41 20 41 41 20 41 41 20 41 41 
20 44 44 20 30 35 20 0A 35 35 
20 45 45 20 45 37 20 41 41 20 
41 41 20 41 41 20 41 41 20 41 
41 20 44 44 20 30 35 20 0A 35 
35 20 44 36 20 38 38 20 38 38 
20 38 38 20 31 34 20 35 30 20 
41 41 20 42 30 20 30 35 20 0A 
35 35 20 46 46 20 46 36 20 41 
41 20 41 41 20 41 41 20 41 41 
20 41 41 20 36 39 20 30 35 20 
0A 35 35 20 45 45 20 45 37 20 
41 41 20 41 41 20 41 41 20 41 
41 20 41 41 20 44 44 20 30 35 
20 0A 35 35 20 45 45 20 45 37 
20 41 41 20 41 41 20 41 41 20 
41 41 20 41 41 20 44 44 20 30 
35 20 0A 35 35 20 46 46 20 46 
36 20 41 41 20 41 41 20 41 41 
20 41 41 20 41 41 20 36 39 20 
30 35 20 0A 35 35 20 44 34 20 
30 30 20 38 30 20 30 32 20 30 
31 20 30 30 20 38 32 20 31 31 
20 30 35 20 0A 35 35 20 45 45 
20 45 37 20 41 41 20 41 41 20 
41 41 20 41 41 20 41 41 20 44 
44 20 30 35 20 0A 35 35 20 45 
45 20 45 37 20 41 41 20 41 41 
20 41 41 20 41 41 20 41 41 20 
44 44 20 30 35 20 0A 35 35 20 
44 33 20 38 30 20 46 46 20 46 
46 20 46 46 20 46 46 20 46 46 
20 37 42 20 30 35 20 0A 35 35 
20 46 46 20 46 36 20 41 41 20 
41 41 20 41 41 20 41 41 20 41 
41 20 36 39 20 30 35 20 0A 35 
35 20 45 45 20 45 37 20 41 41 
20 41 41 20 41 41 20 41 41 20 
41 41 20 44 44 20 30 35 20 0A 
35 35 20 45 45 20 45 37 20 41 
41 20 41 41 20 41 41 20 41 41 
20 41 41 20 44 44 20 30 35 20 
0A 35 35 20 46 46 20 46 36 20 
41 41 20 41 41 20 41 41 20 41 
41 20 41 41 20 36 39 20 30 35 
20 0A 35 35 20 45 45 20 45 37 
20 41 41 20 41 41 20 41 41 20 
41 41 20 41 41 20 44 44 20 30 
35 20 0A 35 35 20 45 45 20 45 
37 20 41 41 20 41 41 20 41 41 
20 41 41 20 41 41 20 44 44 20 
30 35 20 0A 35 35 20 46 46 20 
46 36 20 41 41 20 41 41 20 41 
41 20 41 41 20 41 41 20 36 39 
20 30 35 20 0A 35 35 20 44 34 
20 30 30 20 30 30 20 30 32 20 
30 31 20 30 30 20 38 32 20 31 
31 20 30 35 20 0A 35 35 20 45 
45 20 45 37 20 41 41 20 41 41 
20 41 41 20 41 41 20 41 41 20 
44 44 20 30 35 20 0A 35 35 20 
45 45 20 45 37 20 41 41 20 41 
41 20 41 41 20 41 41 20 41 41 
20 44 44 20 30 35 20 0A 35 35 
20 44 33 20 38 30 20 46 46 20 
46 46 20 46 46 20 46 46 20 46 
46 20 37 42 20 30 35 20 0A 35 
35 20 46 46 20 46 36 20 41 41 
20 41 41 20 41 41 20 41 41 20 
41 41 20 36 39 20 30 35 20 0A 
35 35 20 45 45 20 45 37 20 41 
41 20 41 41 20 41 41 20 41 41 
20 41 41 20 44 44 20 30 35 20 
0A 35 35 20 45 45 20 45 37 20 
41 41 20 41 41 20 41 41 20 41 
41 20 41 41 20 44 44 20 30 35 
20 0A 35 35 20 44 36 20 38 38 
20 38 38 20 38 38 20 31 34 20 
35 30 20 41 41 20 42 30 20 30 
35 20 0A 35 35 20 46 46 20 46 
36 20 41 41 20 41 41 20 41 41 
20 41 41 20 41 41 20 36 39 20 
30 35 20 0A 35 35 20 44 34 20 
38 30 20 30 30 20 38 32 20 30 
31 20 30 30 20 38 32 20 31 31 
20 30 35 20 0A 35 35 20 46 46 
20 46 36 20 41 41 20 41 41 20 
41 41 20 41 41 20 41 41 20 36 
39 20 30 35 20 0A 35 35 20 44 
33 20 38 30 20 46 46 20 46 46 
20 46 46 20 46 46 20 46 46 20 
37 42 20 30 35 20 0A 35 35 20 
46 46 20 46 36 20 41 41 20 41 
41 20 41 41 20 41 41 20 41 41 
20 36 39 20 30 35 20 0A 35 35 
20 46 46 20 46 36 20 41 41 20 
41 41 20 41 41 20 41 41 20 41 
41 20 36 39 20 30 35 20 0A 35 
35 20 41 41 20 31 38 20 30 36 
20 46 30 20 46 30 20 46 30 20 
46 30 20 39 33 20 30 35 20 0A 
35 35 20 41 41 20 30 43 20 30 
36 20 46 30 20 46 30 20 46 30 
20 46 30 20 37 42 20 30 35 20 
0A 35 35 20 45 45 20 45 37 20 
41 41 20 41 41 20 41 41 20 41 
41 20 41 41 20 44 44 20 30 35 
20 0A 35 35 20 45 45 20 45 37 
20 41 41 20 41 41 20 41 41 20 
41 41 20 41 41 20 44 44 20 30 
35 20 0A 35 35 20 44 34 20 30 
30 20 30 30 20 30 34 20 30 30 
20 30 30 20 38 36 20 39 41 20 
30 35 20 0A 35 35 20 44 33 20 
38 30 20 46 46 20 46 46 20 46 
46 20 46 46 20 46 46 20 37 42 
20 30 35 20 0A 35 35 20 41 41 
20 31 38 20 30 36 20 46 30 20 
46 30 20 46 30 20 46 30 20 39 
33 20 30 35 20 0A 35 35 20 41 
41 20 30 43 20 30 36 20 46 30 
20 46 30 20 46 30 20 46 30 20 
37 42 20 30 35 20 0A 35 35 20 
45 45 20 46 45 20 41 41 20 41 
41 20 41 41 20 41 41 20 41 41 
20 44 35 20 30 35 20 0A 35 35 
20 45 45 20 46 45 20 41 41 20 
41 41 20 41 41 20 41 41 20 41 
41 20 44 35 20 30 35 20 0A 35 
35 20 44 34 20 30 30 20 30 30 
20 30 34 20 30 30 20 30 30 20 
38 36 20 39 41 20 30 35 20 0A 
35 35 20 46 46 20 46 36 20 41 
41 20 41 41 20 41 41 20 41 41 
20 41 41 20 36 39 20 30 35 20 
0A 35 35 20 44 33 20 38 30 20 
46 46 20 46 46 20 46 46 20 46 
46 20 46 46 20 37 42 20 30 35 
20 0A 35 35 20 45 45 20 45 37 
20 41 41 20 41 41 20 41 41 20 
41 41 20 41 41 20 44 44 20 30 
35 20 0A 35 35 20 45 45 20 45 
37 20 41 41 20 41 41 20 41 41 
20 41 41 20 41 41 20 44 44 20 
30 35 20 0A 35 35 20 46 46 20 
46 36 20 41 41 20 41 41 20 41 
41 20 41 41 20 41 41 20 36 39 
20 30 35 20 0A 35 35 20 44 36 
20 38 38 20 38 38 20 38 38 20 
31 34 20 35 30 20 41 41 20 42 
30 20 30 35 20 0A 35 35 20 45 
45 20 45 37 20 41 41 20 41 41 
20 41 41 20 41 41 20 41 41 20 
44 44 20 30 35 20 0A 35 35 20 
45 45 20 45 37 20 41 41 20 41 
41 20 41 41 20 41 41 20 41 41 
20 44 44 20 30 35 20 0A 35 35 
20 46 46 20 46 36 20 41 41 20 
41 41 20 41 41 20 41 41 20 41 
41 20 36 39 20 30 35 20 0A 35 
35 20 45 45 20 45 37 20 41 41 
20 41 41 20 41 41 20 41 41 20 
41 41 20 44 44 20 30 35 20 0A 
35 35 20 45 45 20 45 37 20 41 
41 20 41 41 20 41 41 20 41 41 
20 41 41 20 44 44 20 30 35 20 
0A 35 35 20 44 34 20 30 30 20 
30 30 20 30 34 20 30 30 20 30 
30 20 38 36 20 39 41 20 30 35 
20 0A 35 35 20 46 46 20 46 36 
20 41 41 20 41 41 20 41 41 20 
41 41 20 41 41 20 36 39 20 30 
35 20 0A 35 35 20 44 33 20 38 
30 20 46 46 20 46 46 20 46 46 
20 46 46 20 46 46 20 37 42 20 
30 35 20 0A 35 35 20 45 45 20 
45 37 20 41 41 20 41 41 20 41 
41 20 41 41 20 41 41 20 44 44 
20 30 35 20 0A 35 35 20 45 45 
20 45 37 20 41 41 20 41 41 20 
41 41 20 41 41 20 41 41 20 44 
44 20 30 35 20 0A 35 35 20 46 
46 20 46 36 20 41 41 20 41 41 
20 41 41 20 41 41 20 41 41 20 
36 39 20 30 35 20 0A 35 35 20 
45 45 20 45 37 20 41 41 20 41 
41 20 41 41 20 41 41 20 41 41 
20 44 44 20 30 35 20 0A 35 35 
20 45 45 20 45 37 20 41 41 20 
41 41 20 41 41 20 41 41 20 41 
41 20 44 44 20 30 35 20 0A 35 
35 20 46 46 20 46 36 20 41 41 
20 41 41 20 41 41 20 41 41 20 
41 41 20 36 39 20 30 35 20 0A 
35 35 20 45 45 20 45 37 20 41 
41 20 41 41 20 41 41 20 41 41 
20 41 41 20 44 44 20 30 35 20 
0A 35 35 20 45 45 20 45 37 20 
41 41 20 41 41 20 41 41 20 41 
41 20 41 41 20 44 44 20 30 35 
20 0A 35 35 20 44 34 20 30 30 
20 30 30 20 30 34 20 30 30 20 
30 30 20 38 36 20 39 41 20 30 
35 20 0A 35 35 20 46 46 20 46 
36 20 41 41 20 41 41 20 41 41 
20 41 41 20 41 41 20 36 39 20 
30 35 20 0A 35 35 20 44 33 20 
38 30 20 46 46 20 46 46 20 46 
46 20 46 46 20 46 46 20 37 42 
20 30 35 20 0A 35 35 20 45 45 
20 45 37 20 41 41 20 41 41 20 
41 41 20 41 41 20 41 41 20 44 
44 20 30 35 20 0A 35 35 20 45 
45 20 45 37 20 41 41 20 41 41 
20 41 41 20 41 41 20 41 41 20 
44 44 20 30 35 20 0A 35 35 20 
46 46 20 46 36 20 41 41 20 41 
41 20 41 41 20 41 41 20 41 41 
20 36 39 20 30 35 20 0A 35 35 
20 44 36 20 38 38 20 38 38 20 
38 38 20 31 34 20 35 30 20 41 
41 20 42 30 20 30 35 20 0A 35 
35 20 45 45 20 45 37 20 41 41 
20 41 41 20 41 41 20 41 41 20 
41 41 20 44 44 20 30 35 20 0A 
35 35 20 45 45 20 45 37 20 41 
41 20 41 41 20 41 41 20 41 41 
20 41 41 20 44 44 20 30 35 20 
0A 35 35 20 46 46 20 46 36 20 
41 41 20 41 41 20 41 41 20 41 
41 20 41 41 20 36 39 20 30 35 
20 0A 35 35 20 44 34 20 38 30 
20 30 30 20 30 34 20 30 30 20 
38 30 20 38 36 20 39 41 20 30 
35 20 0A 35 35 20 46 46 20 46 
36 20 41 41 20 41 41 20 41 41 
20 41 41 20 41 41 20 36 39 20 
30 35 20 0A 35 35 20 44 33 20 
38 30 20 46 46 20 46 46 20 46 
46 20 46 46 20 46 46 20 37 42 
20 30 35 20 0A 35 35 20 46 46 
20 46 36 20 41 41 20 41 41 20 
41 41 20 41 41 20 41 41 20 36 
39 20 30 35 20 0A 35 35 20 46 
46 20 46 36 20 41 41 20 41 41 
20 41 41 20 41 41 20 41 41 20 
36 39 20 30 35 20 0A 35 35 20 
41 41 20 31 38 20 30 36 20 46 
30 20 46 30 20 46 30 20 46 30 
20 39 33 20 30 35 20 0A 35 35 
20 41 41 20 30 43 20 30 36 20 
46 30 20 46 30 20 46 30 20 46 
30 20 37 42 20 30 35 20 0A 35 
35 20 45 45 20 45 37 20 41 41 
20 41 41 20 41 41 20 41 41 20 
41 41 20 44 44 20 30 35 20 0A 
35 35 20 45 45 20 45 37 20 41 
41 20 41 41 20 41 41 20 41 41 
20 41 41 20 44 44 20 30 35 20 
0A 35 35 20 44 34 20 30 30 20 
30 30 20 30 34 20 30 35 20 30 
30 20 37 43 20 41 43 20 30 35 
20 0A 35 35 20 44 33 20 38 30 
20 46 46 20 46 46 20 46 46 20 
46 46 20 46 46 20 37 42 20 30 
35 20 0A 35 35 20 44 34 20 38 
30 20 30 30 20 30 34 20 30 35 
20 30 30 20 37 43 20 41 43 20 
30 35 20 0A 35 35 20 41 41 20 
31 38 20 30 36 20 46 30 20 46 
30 20 46 30 20 46 30 20 39 33 
20 30 35 20 0A 35 35 20 41 41 
20 30 43 20 30 36 20 46 30 20 
46 30 20 46 30 20 46 30 20 37 
42 20 30 35 20 0A 35 35 20 45 
45 20 46 45 20 41 41 20 41 41 
20 41 41 20 41 41 20 41 41 20 
44 35 20 30 35 20 0A 35 35 20 
45 45 20 46 45 20 41 41 20 41 
41 20 41 41 20 41 41 20 41 41 
20 44 35 20 30 35 20 0A 35 35 
20 46 46 20 46 36 20 41 41 20 
41 41 20 41 41 20 41 41 20 41 
41 20 36 39 20 30 35 20 0A 35 
35 20 44 33 20 38 30 20 46 46 
20 46 46 20 46 46 20 46 46 20 
46 46 20 37 42 20 30 35 20 0A 
35 35 20 45 45 20 45 37 20 41 
41 20 41 41 20 41 41 20 41 41 
20 41 41 20 44 44 20 30 35 20 
0A 35 35 20 45 45 20 45 37 20 
41 41 20 41 41 20 41 41 20 41 
41 20 41 41 20 44 44 20 30 35 
20 0A 35 35 20 46 46 20 46 36 
20 41 41 20 41 41 20 41 41 20 
41 41 20 41 41 20 36 39 20 30 
35 20 0A 35 35 20 44 36 20 38 
38 20 38 38 20 38 38 20 31 34 
20 35 30 20 41 41 20 42 30 20 
30 35 20 0A 35 35 20 45 45 20 
45 37 20 41 41 20 41 41 20 41 
41 20 41 41 20 41 41 20 44 44 
20 30 35 20 0A 35 35 20 45 45 
20 45 37 20 41 41 20 41 41 20 
41 41 20 41 41 20 41 41 20 44 
44 20 30 35 20 0A 35 35 20 46 
46 20 46 36 20 41 41 20 41 41 
20 41 41 20 41 41 20 41 41 20 
36 39 20 30 35 20 0A 35 35 20 
45 45 20 45 37 20 41 41 20 41 
41 20 41 41 20 41 41 20 41 41 
20 44 44 20 30 35 20 0A 35 35 
20 45 45 20 45 37 20 41 41 20 
41 41 20 41 41 20 41 41 20 41 
41 20 44 44 20 30 35 20 0A 35 
35 20 44 34 20 30 30 20 30 30 
20 30 34 20 30 35 20 30 30 20 
37 43 20 41 43 20 30 35 20 0A 
35 35 20 46 46 20 46 36 20 41 
41 20 41 41 20 41 41 20 41 41 
20 41 41 20 36 39 20 30 35 20 
0A 35 35 20 44 33 20 38 30 20 
46 46 20 46 46 20 46 46 20 46 
46 20 46 46 20 37 42 20 30 35 
20 0A 35 35 20 45 45 20 45 37 
20 41 41 20 41 41 20 41 41 20 
41 41 20 41 41 20 44 44 20 30 
35 20 0A 35 35 20 45 45 20 45 
37 20 41 41 20 41 41 20 41 41 
20 41 41 20 41 41 20 44 44 20 
30 35 20 0A 35 35 20 46 46 20 
46 36 20 41 41 20 41 41 20 41 
41 20 41 41 20 41 41 20 36 39 
20 30 35 20 0A 35 35 20 45 45 
20 45 37 20 41 41 20 41 41 20 
41 41 20 41 41 20 41 41 20 44 
44 20 30 35 20 0A 35 35 20 45 
45 20 45 37 20 41 41 20 41 41 
20 41 41 20 41 41 20 41 41 20 
44 44 20 30 35 20 0A 35 35 20 
46 46 20 46 36 20 41 41 20 41 
41 20 41 41 20 41 41 20 41 41 
20 36 39 20 30 35 20 0A 35 35 
20 45 45 20 45 37 20 41 41 20 
41 41 20 41 41 20 41 41 20 41 
41 20 44 44 20 30 35 20 0A 35 
35 20 45 45 20 45 37 20 41 41 
20 41 41 20 41 41 20 41 41 20 
41 41 20 44 44 20 30 35 20 0A 
35 35 20 44 34 20 30 30 20 30 
30 20 30 34 20 30 35 20 30 30 
20 37 43 20 41 43 20 30 35 20 
0A 35 35 20 44 33 20 38 30 20 
46 46 20 46 46 20 46 46 20 46 
46 20 46 46 20 37 42 20 30 35 
20 0A 35 35 20 46 46 20 46 36 
20 41 41 20 41 41 20 41 41 20 
41 41 20 41 41 20 36 39 20 30 
35 20 0A 35 35 20 45 45 20 45 
37 20 41 41 20 41 41 20 41 41 
20 41 41 20 41 41 20 44 44 20 
30 35 20 0A 35 35 20 45 45 20 
45 37 20 41 41 20 41 41 20 41 
41 20 41 41 20 41 41 20 44 44 
20 30 35 20 0A 35 35 20 44 36 
20 38 38 20 38 38 20 38 38 20 
31 34 20 35 30 20 41 41 20 42 
30 20 30 35 20 0A 35 35 20 46 
46 20 46 36 20 41 41 20 41 41 
20 41 41 20 41 41 20 41 41 20 
36 39 20 30 35 20 0A 35 35 20 
45 45 20 45 37 20 41 41 20 41 
41 20 41 41 20 41 41 20 41 41 
20 44 44 20 30 35 20 0A 35 35 
20 45 45 20 45 37 20 41 41 20 
41 41 20 41 41 20 41 41 20 41 
41 20 44 44 20 30 35 20 0A 35 
35 20 46 46 20 46 36 20 41 41 
20 41 41 20 41 41 20 41 41 20 
41 41 20 36 39 20 30 35 20 0A 
35 35 20 44 34 20 30 30 20 30 
30 20 30 34 20 30 35 20 30 30 
20 37 43 20 41 43 20 30 35 20 
0A 35 35 20 44 33 20 38 30 20 
46 46 20 46 46 20 46 46 20 46 
46 20 46 46 20 37 42 20 30 35 
20 0A 35 35 20 46 46 20 46 36 
20 41 41 20 41 41 20 41 41 20 
41 41 20 41 41 20 36 39 20 30 
35 20 0A 35 35 20 46 46 20 46 
36 20 41 41 20 41 41 20 41 41 
20 41 41 20 41 41 20 36 39 20 
30 35 20 0A 35 35 20 46 46 20 
46 36 20 41 41 20 41 41 20 41 
41 20 41 41 20 41 41 20 36 39 
20 30 35 20 0A 35 35 20 44 34 
20 30 30 20 30 30 20 30 34 20 
30 35 20 30 30 20 37 43 20 41 
43 20 30 35 20 0A 35 35 20 41 
41 20 31 38 20 30 36 20 46 30 
20 46 30 20 46 30 20 46 30 20 
39 33 20 30 35 20 0A 35 35 20 
41 41 20 30 43 20 30 36 20 46 
30 20 46 30 20 46 30 20 46 30 
20 37 42 20 30 35 20 0A 35 35 
20 45 45 20 45 37 20 41 41 20 
41 41 20 41 41 20 41 41 20 41 
41 20 44 44 20 30 35 20 0A 35 
35 20 45 45 20 45 37 20 41 41 
20 41 41 20 41 41 20 41 41 20 
41 41 20 44 44 20 30 35 20 0A 
35 35 20 44 34 20 30 30 20 30 
30 20 30 36 20 30 34 20 30 30 
20 38 32 20 37 30 20 30 35 20 
0A 35 35 20 44 33 20 38 30 20 
46 46 20 46 46 20 46 46 20 46 
46 20 46 46 20 37 42 20 30 35 
20 0A 35 35 20 44 33 20 38 30 
20 46 46 20 46 46 20 46 46 20 
46 46 20 46 46 20 37 42 20 30 
35 20 0A 35 35 20 41 41 20 31 
38 20 30 36 20 46 30 20 46 30 
20 46 30 20 46 30 20 39 33 20 
30 35 20 0A 35 35 20 41 41 20 
30 43 20 30 36 20 46 30 20 46 
30 20 46 30 20 46 30 20 37 42 
20 30 35 20 0A 35 35 20 45 45 
20 46 45 20 41 41 20 41 41 20 
41 41 20 41 41 20 41 41 20 44 
35 20 30 35 20 0A 35 35 20 45 
45 20 46 45 20 41 41 20 41 41 
20 41 41 20 41 41 20 41 41 20 
44 35 20 30 35 20 0A 35 35 20 
46 46 20 46 36 20 41 41 20 41 
41 20 41 41 20 41 41 20 41 41 
20 36 39 20 30 35 20 0A 35 35 
20 45 45 20 45 37 20 41 41 20 
41 41 20 41 41 20 41 41 20 41 
41 20 44 44 20 30 35 20 0A 35 
35 20 45 45 20 45 37 20 41 41 
20 41 41 20 41 41 20 41 41 20 
41 41 20 44 44 20 30 35 20 0A 
35 35 20 44 36 20 38 38 20 38 
38 20 38 38 20 31 34 20 35 30 
20 41 41 20 42 30 20 30 35 20 
0A 35 35 20 46 46 20 46 36 20 
41 41 20 41 41 20 41 41 20 41 
41 20 41 41 20 36 39 20 30 35 
20 0A 35 35 20 45 45 20 45 37 
20 41 41 20 41 41 20 41 41 20 
41 41 20 41 41 20 44 44 20 30 
35 20 0A 35 35 20 45 45 20 45 
37 20 41 41 20 41 41 20 41 41 
20 41 41 20 41 41 20 44 44 20 
30 35 20 0A 35 35 20 46 46 20 
46 36 20 41 41 20 41 41 20 41 
41 20 41 41 20 41 41 20 36 39 
20 30 35 20 0A 35 35 20 44 34 
20 30 30 20 30 30 20 30 36 20 
30 34 20 30 30 20 38 32 20 37 
30 20 30 35 20 0A 35 35 20 45 
45 20 45 37 20 41 41 20 41 41 
20 41 41 20 41 41 20 41 41 20 
44 44 20 30 35 20 0A 35 35 20 
45 45 20 45 37 20 41 41 20 41 
41 20 41 41 20 41 41 20 41 41 
20 44 44 20 30 35 20 0A 35 35 
20 44 33 20 38 30 20 46 46 20 
46 46 20 46 46 20 46 46 20 46 
46 20 37 42 20 30 35 20 0A 35 
35 20 46 46 20 46 36 20 41 41 
20 41 41 20 41 41 20 41 41 20 
41 41 20 36 39 20 30 35 20 0A 
35 35 20 45 45 20 45 37 20 41 
41 20 41 41 20 41 41 20 41 41 
20 41 41 20 44 44 20 30 35 20 
0A 35 35 20 45 45 20 45 37 20 
41 41 20 41 41 20 41 41 20 41 
41 20 41 41 20 44 44 20 30 35 
20 0A 35 35 20 46 46 20 46 36 
20 41 41 20 41 41 20 41 41 20 
41 41 20 41 41 20 36 39 20 30 
35 20 0A 35 35 20 45 45 20 45 
37 20 41 41 20 41 41 20 41 41 
20 41 41 20 41 41 20 44 44 20 
30 35 20 0A 35 35 20 45 45 20 
45 37 20 41 41 20 41 41 20 41 
41 20 41 41 20 41 41 20 44 44 
20 30 35 20 0A 35 35 20 46 46 
20 46 36 20 41 41 20 41 41 20 
41 41 20 41 41 20 41 41 20 36 
39 20 30 35 20 0A 35 35 20 44 
34 20 30 30 20 30 30 20 30 36 
20 30 34 20 30 30 20 38 32 20 
37 30 20 30 35 20 0A 35 35 20 
45 45 20 45 37 20 41 41 20 41 
41 20 41 41 20 41 41 20 41 41 
20 44 44 20 30 35 20 0A 35 35 
20 45 45 20 45 37 20 41 41 20 
41 41 20 41 41 20 41 41 20 41 
41 20 44 44 20 30 35 20 0A 35 
35 20 44 33 20 38 30 20 46 46 
20 46 46 20 46 46 20 46 46 20 
46 46 20 37 42 20 30 35 20 0A 
35 35 20 46 46 20 46 36 20 41 
41 20 41 41 20 41 41 20 41 41 
20 41 41 20 36 39 20 30 35 20 
0A 35 35 20 45 45 20 45 37 20 
41 41 20 41 41 20 41 41 20 41 
41 20 41 41 20 44 44 20 30 35 
20 0A 35 35 20 45 45 20 45 37 
20 41 41 20 41 41 20 41 41 20 
41 41 20 41 41 20 44 44 20 30 
35 20 0A 35 35 20 44 36 20 38 
38 20 38 38 20 38 38 20 31 34 
20 35 30 20 41 41 20 42 30 20 
30 35 20 0A 35 35 20 46 46 20 
46 36 20 41 41 20 41 41 20 41 
41 20 41 41 20 41 41 20 36 39 
20 30 35 20 0A 35 35 20 45 45 
20 45 37 20 41 41 20 41 41 20 
41 41 20 41 41 20 41 41 20 44 
44 20 30 35 20 0A 35 35 20 45 
45 20 45 37 20 41 41 20 41 41 
20 41 41 20 41 41 20 41 41 20 
44 44 20 30 35 20 0A 35 35 20 
46 46 20 46 36 20 41 41 20 41 
41 20 41 41 20 41 41 20 41 41 
20 36 39 20 30 35 20 0A 35 35 
20 44 34 20 30 30 20 30 30 20 
30 36 20 30 34 20 30 30 20 38 
32 20 37 30 20 30 35 20 0A 35 
35 20 44 33 20 38 30 20 46 46 
20 46 46 20 46 46 20 46 46 20 
46 46 20 37 42 20 30 35 20 0A 
35 35 20 46 46 20 46 36 20 41 
41 20 41 41 20 41 41 20 41 41 
20 41 41 20 36 39 20 30 35 20 
0A 35 35 20 46 46 20 46 36 20 
41 41 20 41 41 20 41 41 20 41 
41 20 41 41 20 36 39 20 30 35 
20 0A 35 35 20 44 34 20 30 30 
20 30 30 20 30 36 20 30 34 20 
30 30 20 38 32 20 37 30 20 30 
35 20 0A 35 35 20 46 46 20 46 
36 20 41 41 20 41 41 20 41 41 
20 41 41 20 41 41 20 36 39 20 
30 35 20 0A 35 35 20 44 33 20 
38 30 20 46 46 20 46 46 20 46 
46 20 46 46 20 46 46 20 37 42 
20 30 35 20 0A 35 35 20 41 41 
20 31 38 20 30 36 20 46 30 20 
46 30 20 46 30 20 46 30 20 39 
33 20 30 35 20 0A 35 35 20 41 
41 20 30 43 20 30 36 20 46 30 
20 46 30 20 46 30 20 46 30 20 
37 42 20 30 35 20 0A 35 35 20 
45 45 20 45 37 20 41 41 20 41 
41 20 41 41 20 41 41 20 41 41 
20 44 44 20 30 35 20 0A 35 35 
20 45 45 20 45 37 20 41 41 20 
41 41 20 41 41 20 41 41 20 41 
41 20 44 44 20 30 35 20 0A 35 
35 20 44 34 20 30 30 20 30 30 
20 30 36 20 30 31 20 30 30 20 
38 32 20 31 46 20 30 35 20 0A 
35 35 20 44 33 20 38 30 20 46 
46 20 46 46 20 46 46 20 46 46 
20 46 46 20 37 42 20 30 35 20 
0A 35 35 20 41 41 20 31 38 20 
30 36 20 46 30 20 46 30 20 46 
30 20 46 30 20 39 33 20 30 35 
20 0A 35 35 20 41 41 20 30 43 
20 30 36 20 46 30 20 46 30 20 
46 30 20 46 30 20 37 42 20 30 
35 20 0A 35 35 20 45 45 20 46 
45 20 41 41 20 41 41 20 41 41 
20 41 41 20 41 41 20 44 35 20 
30 35 20 0A 35 35 20 45 45 20 
46 45 20 41 41 20 41 41 20 41 
41 20 41 41 20 41 41 20 44 35 
20 30 35 20 0A 35 35 20 46 46 
20 46 36 20 41 41 20 41 41 20 
41 41 20 41 41 20 41 41 20 36 
39 20 30 35 20 0A 35 35 20 44 
36 20 38 38 20 38 38 20 38 38 
20 31 34 20 35 30 20 41 41 20 
42 30 20 30 35 20 0A 35 35 20 
45 45 20 45 37 20 41 41 20 41 
41 20 41 41 20 41 41 20 41 41 
20 44 44 20 30 35 20 0A 35 35 
20 45 45 20 45 37 20 41 41 20 
41 41 20 41 41 20 41 41 20 41 
41 20 44 44 20 30 35 20 0A 35 
35 20 46 46 20 46 36 20 41 41 
20 41 41 20 41 41 20 41 41 20 
41 41 20 36 39 20 30 35 20 0A 
35 35 20 45 45 20 45 37 20 41 
41 20 41 41 20 41 41 20 41 41 
20 41 41 20 44 44 20 30 35 20 
0A 35 35 20 45 45 20 45 37 20 
41 41 20 41 41 20 41 41 20 41 
41 20 41 41 20 44 44 20 30 35 
20 0A 35 35 20 44 34 20 30 30 
20 30 30 20 30 36 20 30 31 20 
38 30 20 38 32 20 31 46 20 30 
35 20 0A 35 35 20 46 46 20 46 
36 20 41 41 20 41 41 20 41 41 
20 41 41 20 41 41 20 36 39 20 
30 35 20 0A 35 35 20 44 33 20 
38 30 20 46 46 20 46 46 20 46 
46 20 46 46 20 46 46 20 37 42 
20 30 35 20 0A 35 35 20 45 45 
20 45 37 20 41 41 20 41 41 20 
41 41 20 41 41 20 41 41 20 44 
44 20 30 35 20 0A 35 35 20 45 
45 20 45 37 20 41 41 20 41 41 
20 41 41 20 41 41 20 41 41 20 
44 44 20 30 35 20 0A 35 35 20 
46 46 20 46 36 20 41 41 20 41 
41 20 41 41 20 41 41 20 41 41 
20 36 39 20 30 35 20 0A 35 35 
20 45 45 20 45 37 20 41 41 20 
41 41 20 41 41 20 41 41 20 41 
41 20 44 44 20 30 35 20 0A 35 
35 20 45 45 20 45 37 20 41 41 
20 41 41 20 41 41 20 41 41 20 
41 41 20 44 44 20 30 35 20 0A 
35 35 20 46 46 20 46 36 20 41 
41 20 41 41 20 41 41 20 41 41 
20 41 41 20 36 39 20 30 35 20 
0A 35 35 20 45 45 20 45 37 20 
41 41 20 41 41 20 41 41 20 41 
41 20 41 41 20 44 44 20 30 35 
20 0A 35 35 20 45 45 20 45 37 
20 41 41 20 41 41 20 41 41 20 
41 41 20 41 41 20 44 44 20 30 
35 20 0A 35 35 20 44 34 20 30 
30 20 30 30 20 30 36 20 30 31 
20 30 30 20 38 32 20 31 46 20 
30 35 20 0A 35 35 20 46 46 20 
46 36 20 41 41 20 41 41 20 41 
41 20 41 41 20 41 41 20 36 39 
20 30 35 20 0A 35 35 20 44 33 
20 38 30 20 46 46 20 46 46 20 
46 46 20 46 46 20 46 46 20 37 
42 20 30 35 20 0A 35 35 20 45 
45 20 45 37 20 41 41 20 41 41 
20 41 41 20 41 41 20 41 41 20 
44 44 20 30 35 20 0A 35 35 20 
45 45 20 45 37 20 41 41 20 41 
41 20 41 41 20 41 41 20 41 41 
20 44 44 20 30 35 20 0A 35 35 
20 46 46 20 46 36 20 41 41 20 
41 41 20 41 41 20 41 41 20 41 
41 20 36 39 20 30 35 20 0A 35 
35 20 44 36 20 38 38 20 38 38 
20 38 38 20 31 34 20 35 30 20 
41 41 20 42 30 20 30 35 20 0A 
35 35 20 45 45 20 45 37 20 41 
41 20 41 41 20 41 41 20 41 41 
20 41 41 20 44 44 20 30 35 20 
0A 35 35 20 45 45 20 45 37 20 
41 41 20 41 41 20 41 41 20 41 
41 20 41 41 20 44 44 20 30 35 
20 0A 35 35 20 46 46 20 46 36 
20 41 41 20 41 41 20 41 41 20 
41 41 20 41 41 20 36 39 20 30 
35 20 0A 35 35 20 45 45 20 45 
37 20 41 41 20 41 41 20 41 41 
20 41 41 20 41 41 20 44 44 20 
30 35 20 0A 35 35 20 45 45 20 
45 37 20 41 41 20 41 41 20 41 
41 20 41 41 20 41 41 20 44 44 
20 30 35 20 0A 35 35 20 44 34 
20 30 30 20 30 30 20 30 36 20 
30 31 20 30 30 20 38 32 20 31 
46 20 30 35 20 0A 35 35 20 46 
46 20 46 36 20 41 41 20 41 41 
20 41 41 20 41 41 20 41 41 20 
36 39 20 30 35 20 0A 35 35 20 
44 33 20 38 30 20 46 46 20 46 
46 20 46 46 20 46 46 20 46 46 
20 37 42 20 30 35 20 0A 35 35 
20 46 46 20 46 36 20 41 41 20 
41 41 20 41 41 20 41 41 20 41 
41 20 36 39 20 30 35 20 0A 35 
35 20 46 46 20 46 36 20 41 41 
20 41 41 20 41 41 20 41 41 20 
41 41 20 36 39 20 30 35 20 0A 
35 35 20 44 34 20 30 30 20 38 
30 20 30 36 20 30 31 20 30 30 
20 38 32 20 31 46 20 30 35 20 
0A 35 35 20 46 46 20 46 36 20 
41 41 20 41 41 20 41 41 20 41 
41 20 41 41 20 36 39 20 30 35 
20 0A 35 35 20 44 33 20 38 30 
20 46 46 20 46 46 20 46 46 20 
46 46 20 46 46 20 37 42 20 30 
35 20 0A 35 35 20 46 46 20 46 
34 20 41 41 20 41 41 20 41 41 
20 41 41 20 41 41 20 43 37 20 
30 35 20 0A 35 35 20 41 41 20 
31 38 20 30 36 20 46 30 20 46 
30 20 46 30 20 46 30 20 39 33 
20 30 35 20 0A 35 35 20 41 41 
20 30 43 20 30 36 20 46 30 20 
46 30 20 46 30 20 46 30 20 37 
42 20 30 35 20 0A 35 35 20 45 
45 20 45 37 20 41 41 20 41 41 
20 41 41 20 41 41 20 41 41 20 
44 44 20 30 35 20 0A 35 35 20 
45 45 20 45 37 20 41 41 20 41 
41 20 41 41 20 41 41 20 41 41 
20 44 44 20 30 35 20 0A 35 35 
20 44 34 20 30 30 20 30 30 20 
30 38 20 30 34 20 30 30 20 38 
32 20 36 35 20 30 35 20 0A 35 
35 20 44 33 20 38 30 20 46 46 
20 46 46 20 46 46 20 46 46 20 
46 46 20 37 42 20 30 35 20 0A 
35 35 20 46 46 20 46 33 20 41 
41 20 41 41 20 41 41 20 41 41 
20 41 41 20 35 33 20 30 35 20 
0A 35 35 20 41 41 20 31 38 20 
30 36 20 46 30 20 46 30 20 46 
30 20 46 30 20 39 33 20 30 35 
20 0A 35 35 20 41 41 20 30 43 
20 30 36 20 46 30 20 46 30 20 
46 30 20 46 30 20 37 42 20 30 
35 20 0A 35 35 20 45 45 20 46 
45 20 41 41 20 41 41 20 41 41 
20 41 41 20 41 41 20 44 35 20 
30 35 20 0A 35 35 20 45 45 20 
46 45 20 41 41 20 41 41 20 41 
41 20 41 41 20 41 41 20 44 35 
20 30 35 20 0A 35 35 20 46 46 
20 46 33 20 41 41 20 41 41 20 
41 41 20 41 41 20 41 41 20 35 
33 20 30 35 20 0A 35 35 20 44 
36 20 38 38 20 38 38 20 38 38 
20 31 34 20 35 30 20 41 41 20 
42 30 20 30 35 20 0A 35 35 20 
45 45 20 45 37 20 41 41 20 41 
41 20 41 41 20 41 41 20 41 41 
20 44 44 20 30 35 20 0A 35 35 
20 45 45 20 45 37 20 41 41 20 
41 41 20 41 41 20 41 41 20 41 
41 20 44 44 20 30 35 20 0A 35 
35 20 46 46 20 46 30 20 41 41 
20 41 41 20 41 41 20 41 41 20 
41 41 20 41 41 20 30 35 20 0A 
35 35 20 46 46 20 46 30 20 41 
41 20 41 41 20 41 41 20 41 41 
20 41 41 20 41 41 20 30 35 20 
0A 35 35 20 45 45 20 45 37 20 
41 41 20 41 41 20 41 41 20 41 
41 20 41 41 20 44 44 20 30 35 
20 0A 35 35 20 45 45 20 45 37 
20 41 41 20 41 41 20 41 41 20 
41 41 20 41 41 20 44 44 20 30 
35 20 0A 35 35 20 44 34 20 30 
30 20 30 30 20 30 38 20 30 34 
20 30 30 20 38 32 20 36 35 20 
30 35 20 0A 35 35 20 46 46 20 
46 30 20 41 41 20 41 41 20 41 
41 20 41 41 20 41 41 20 41 41 
20 30 35 20 0A 35 35 20 44 33 
20 38 30 20 46 46 20 46 46 20 
46 46 20 46 46 20 46 46 20 37 
42 20 30 35 20 0A 35 35 20 45 
45 20 45 37 20 41 41 20 41 41 
20 41 41 20 41 41 20 41 41 20 
44 44 20 30 35 20 0A 35 35 20 
45 45 20 45 37 20 41 41 20 41 
41 20 41 41 20 41 41 20 41 41 
20 44 44 20 30 35 20 0A 35 35 
20 46 46 20 46 30 20 41 41 20 
41 41 20 41 41 20 41 41 20 41 
41 20 41 41 20 30 35 20 0A 35 
35 20 45 45 20 45 37 20 41 41 
20 41 41 20 41 41 20 41 41 20 
41 41 20 44 44 20 30 35 20 0A 
35 35 20 45 45 20 45 37 20 41 
41 20 41 41 20 41 41 20 41 41 
20 41 41 20 44 44 20 30 35 20 
0A 35 35 20 46 46 20 46 30 20 
41 41 20 41 41 20 41 41 20 41 
41 20 41 41 20 41 41 20 30 35 
20 0A 35 35 20 45 45 20 45 37 
20 41 41 20 41 41 20 41 41 20 
41 41 20 41 41 20 44 44 20 30 
35 20 0A 35 35 20 45 45 20 45 
37 20 41 41 20 41 41 20 41 41 
20 41 41 20 41 41 20 44 44 20 
30 35 20 0A 35 35 20 44 34 20 
30 30 20 30 30 20 30 38 20 30 
34 20 38 30 20 38 32 20 36 35 
20 30 35 20 0A 35 35 20 46 46 
20 46 30 20 41 41 20 41 41 20 
41 41 20 41 41 20 41 41 20 41 
41 20 30 35 20 0A 35 35 20 44 
33 20 38 30 20 46 46 20 46 46 
20 46 46 20 46 46 20 46 46 20 
37 42 20 30 35 20 0A 35 35 20 
45 45 20 45 37 20 41 41 20 41 
41 20 41 41 20 41 41 20 41 41 
20 44 44 20 30 35 20 0A 35 35 
20 45 45 20 45 37 20 41 41 20 
41 41 20 41 41 20 41 41 20 41 
41 20 44 44 20 30 35 20 0A 35 
35 20 46 46 20 46 30 20 41 41 
20 41 41 20 41 41 20 41 41 20 
41 41 20 41 41 20 30 35 20 0A 
35 35 20 44 36 20 38 38 20 38 
38 20 38 38 20 31 34 20 35 30 
20 41 41 20 42 30 20 30 35 20 
0A 35 35 20 45 45 20 45 37 20 
41 41 20 41 41 20 41 41 20 41 
41 20 41 41 20 44 44 20 30 35 
20 0A 35 35 20 45 45 20 45 37 
20 41 41 20 41 41 20 41 41 20 
41 41 20 41 41 20 44 44 20 30 
35 20 0A 35 35 20 46 46 20 46 
30 20 41 41 20 41 41 20 41 41 
20 41 41 20 41 41 20 41 41 20 
30 35 20 0A 35 35 20 45 45 20 
45 37 20 41 41 20 41 41 20 41 
41 20 41 41 20 41 41 20 44 44 
20 30 35 20 0A 35 35 20 45 45 
20 45 37 20 41 41 20 41 41 20 
41 41 20 41 41 20 41 41 20 44 
44 20 30 35 20 0A 35 35 20 44 
34 20 30 30 20 30 30 20 30 38 
20 30 34 20 30 30 20 38 32 20 
36 35 20 30 35 20 0A 35 35 20 
46 46 20 46 30 20 41 41 20 41 
41 20 41 41 20 41 41 20 41 41 
20 41 41 20 30 35 20 0A 35 35 
20 44 33 20 38 30 20 46 46 20 
46 46 20 46 46 20 46 46 20 46 
46 20 37 42 20 30 35 20 0A 35 
35 20 46 46 20 46 30 20 41 41 
20 41 41 20 41 41 20 41 41 20 
41 41 20 41 41 20 30 35 20 0A 
35 35 20 46 46 20 46 30 20 41 
41 20 41 41 20 41 41 20 41 41 
20 41 41 20 41 41 20 30 35 20 
0A 35 35 20 44 34 20 30 30 20 
30 30 20 30 38 20 30 34 20 30 
30 20 38 32 20 36 35 20 30 35 
20 0A 35 35 20 46 46 20 46 30 
20 41 41 20 41 41 20 41 41 20 
41 41 20 41 41 20 41 41 20 30 
35 20 0A 35 35 20 44 33 20 38 
30 20 46 46 20 46 46 20 46 46 
20 46 46 20 46 46 20 37 42 20 
30 35 20 0A 35 35 20 46 46 20 
46 30 20 41 41 20 41 41 20 41 
41 20 41 41 20 41 41 20 41 41 
20 30 35 20 0A 35 35 20 44 36 
20 38 38 20 38 38 20 38 38 20 
31 34 20 35 30 20 41 41 20 42 
30 20 30 35 20 0A 35 35 20 46 
46 20 46 30 20 41 41 20 41 41 
20 41 41 20 41 41 20 41 41 20 
41 41 20 30 35 20 0A 35 35 20 
44 34 20 30 30 20 30 30 20 30 
38 20 30 34 20 30 30 20 38 32 
20 36 35 20 30 35 20 0A 35 35 
20 46 46 20 46 30 20 41 41 20 
41 41 20 41 41 20 41 41 20 41 
41 20 41 41 20 30 35 20 0A 35 
35 20 44 33 20 38 30 20 46 46 
20 46 46 20 46 46 20 46 46 20 
46 46 20 37 42 20 30 35 20 0A 
35 35 20 46 46 20 46 30 20 41 
41 20 41 41 20 41 41 20 41 41 
20 41 41 20 41 41 20 30 35 20 
0A 35 35 20 46 46 20 46 30 20 
41 41 20 41 41 20 41 41 20 41 
41 20 41 41 20 41 41 20 30 35 
20 0A 35 35 20 44 34 20 30 30 
20 30 30 20 30 38 20 30 34 20 
30 30 20 38 32 20 36 35 20 30 
35 20 0A 35 35 20 44 33 20 38 
30 20 46 46 20 46 46 20 46 46 
20 46 46 20 46 46 20 37 42 20 
30 35 20 0A 35 35 20 46 46 20 
46 30 20 41 41 20 41 41 20 41 
41 20 41 41 20 41 41 20 41 41 
20 30 35 20 0A 35 35 20 44 36 
20 38 38 20 38 38 20 38 38 20 
31 34 20 35 30 20 41 41 20 42 
30 20 30 35 20 0A 35 35 20 46 
46 20 46 30 20 41 41 20 41 41 
20 41 41 20 41 41 20 41 41 20 
41 41 20 30 35 20 0A 35 35 20 
46 46 20 46 30 20 41 41 20 41 
41 20 41 41 20 41 41 20 41 41 
20 41 41 20 30 35 20 0A 35 35 
20 44 34 20 30 30 20 30 30 20 
30 38 20 30 34 20 30 30 20 38 
32 20 36 35 20 30 35 20 0A 35 
35 20 44 33 20 38 30 20 46 46 
20 46 46 20 46 46 20 46 46 20 
46 46 20 37 42 20 30 35 20 0A 
35 35 20 46 46 20 46 30 20 41 
41 20 41 41 20 41 41 20 41 41 
20 41 41 20 41 41 20 30 35 20 
0A 35 35 20 46 46 20 46 30 20 
41 41 20 41 41 20 41 41 20 41 
41 20 41 41 20 41 41 20 30 35 
20 0A 35 35 20 46 46 20 46 30 
20 41 41 20 41 41 20 41 41 20 
41 41 20 41 41 20 41 41 20 30 
35 20 0A 35 35 20 44 34 20 30 
30 20 30 30 20 30 38 20 30 34 
20 30 30 20 38 32 20 36 35 20 
30 35 20 0A 35 35 20 44 33 20 
38 30 20 46 46 20 46 46 20 46 
46 20 46 46 20 46 46 20 37 42 
20 30 35 20 0A 35 35 20 46 46 
20 46 30 20 41 41 20 41 41 20 
41 41 20 41 41 20 41 41 20 41 
41 20 30 35 20 0A 35 35 20 44 
36 20 38 38 20 38 38 20 38 38 
20 31 34 20 35 30 20 41 41 20 
42 30 20 30 35 20 0A 35 35 20 
46 46 20 46 30 20 41 41 20 41 
41 20 41 41 20 41 41 20 41 41 
20 41 41 20 30 35 20 0A 35 35 
20 46 46 20 46 30 20 41 41 20 
41 41 20 41 41 20 41 41 20 41 
41 20 41 41 20 30 35 20 0A 35 
35 20 44 34 20 30 30 20 30 30 
20 30 38 20 30 34 20 30 30 20 
38 32 20 36 35 20 30 35 20 0A 
35 35 20 44 33 20 38 30 20 46 
46 20 46 46 20 46 46 20 46 46 
20 46 46 20 37 42 20 30 35 20 
0A 35 35 20 46 46 20 46 30 20 
41 41 20 41 41 20 41 41 20 41 
41 20 41 41 20 41 41 20 30 35 
20 0A 35 35 20 46 46 20 46 30 
20 41 41 20 41 41 20 41 41 20 
41 41 20 41 41 20 41 41 20 30 
35 20 0A 35 35 20 46 46 20 46 
30 20 41 41 20 41 41 20 41 41 
20 41 41 20 41 41 20 41 41 20 
30 35 20 0A 35 35 20 44 34 20 
30 30 20 30 30 20 30 38 20 30 
34 20 30 30 20 38 32 20 36 35 
20 30 35 20 0A 35 35 20 44 33 
20 38 30 20 46 46 20 46 46 20 
46 46 20 46 46 20 46 46 20 37 
42 20 30 35 20 0A 35 35 20 46 
46 20 46 30 20 41 41 20 41 41 
20 41 41 20 41 41 20 41 41 20 
41 41 20 30 35 20 0A 35 35 20 
44 36 20 38 38 20 38 38 20 38 
38 20 31 34 20 35 30 20 41 41 
20 42 30 20 30 35 20 0A 35 35 
20 46 46 20 46 30 20 41 41 20 
41 41 20 41 41 20 41 41 20 41 
41 20 41 41 20 30 35 20 0A 35 
35 20 46 46 20 46 30 20 41 41 
20 41 41 20 41 41 20 41 41 20 
41 41 20 41 41 20 30 35 20 0A 
35 35 20 44 34 20 30 30 20 30 
30 20 30 38 20 30 34 20 30 30 
20 38 32 20 36 35 20 30 35 20 
0A 35 35 20 44 33 20 38 30 20 
46 46 20 46 46 20 46 46 20 46 
46 20 46 46 20 37 42 20 30 35 
20 0A 35 35 20 46 46 20 46 30 
20 41 41 20 41 41 20 41 41 20 
41 41 20 41 41 20 41 41 20 30 
35 20 0A 35 35 20 46 46 20 46 
30 20 41 41 20 41 41 20 41 41 
20 41 41 20 41 41 20 41 41 20 
30 35 20 0A 35 35 20 44 34 20 
30 30 20 30 30 20 30 38 20 30 
34 20 30 30 20 38 32 20 36 35 
20 30 35 20 0A 35 35 20 46 46 
20 46 30 20 41 41 20 41 41 20 
41 41 20 41 41 20 41 41 20 41 
41 20 30 35 20 0A 35 35 20 44 
33 20 38 30 20 46 46 20 46 46 
20 46 46 20 46 46 20 46 46 20 
37 42 20 30 35 20 0A 35 35 20 
46 46 20 46 30 20 41 41 20 41 
41 20 41 41 20 41 41 20 41 41 
20 41 41 20 30 35 20 0A 35 35 
20 44 36 20 38 38 20 38 38 20 
38 38 20 31 34 20 35 30 20 41 
41 20 42 30 20 30 35 20 0A 35 
35 20 46 46 20 46 30 20 41 41 
20 41 41 20 41 41 20 41 41 20 
41 41 20 41 41 20 30 35 20 0A 
35 35 20 44 34 20 30 30 20 30 
30 20 30 38 20 30 34 20 30 30 
20 38 32 20 36 35 20 30 35 20 
0A 35 35 20 46 46 20 46 30 20 
41 41 20 41 41 20 41 41 20 41 
41 20 41 41 20 41 41 20 30 35 
20 0A 35 35 20 44 33 20 38 30 
20 46 46 20 46 46 20 46 46 20 
46 46 20 46 46 20 37 42 20 30 
35 20 0A 35 35 20 46 46 20 46 
30 20 41 41 20 41 41 20 41 41 
20 41 41 20 41 41 20 41 41 20 
30 35 20 0A 35 35 20 46 46 20 
46 30 20 41 41 20 41 41 20 41 
41 20 41 41 20 41 41 20 41 41 
20 30 35 20 0A 35 35 20 44 34 
20 30 30 20 30 30 20 30 38 20 
30 34 20 30 30 20 38 32 20 36 
35 20 30 35 20 0A 35 35 20 46 
46 20 46 30 20 41 41 20 41 41 
20 41 41 20 41 41 20 41 41 20 
41 41 20 30 35 20 0A 35 35 20 
44 33 20 38 30 20 46 46 20 46 
46 20 46 46 20 46 46 20 46 46 
20 37 42 20 30 35 20 0A 35 35 
20 46 46 20 46 30 20 41 41 20 
41 41 20 41 41 20 41 41 20 41 
41 20 41 41 20 30 35 20 0A 35 
35 20 44 36 20 38 38 20 38 38 
20 38 38 20 31 34 20 35 30 20 
41 41 20 42 30 20 30 35 20 0A 
35 35 20 46 46 20 46 30 20 41 
41 20 41 41 20 41 41 20 41 41 
20 41 41 20 41 41 20 30 35 20 
0A 35 35 20 44 34 20 30 30 20 
30 30 20 30 38 20 30 34 20 30 
30 20 38 32 20 36 35 20 30 35 
20 0A 35 35 20 46 46 20 46 30 
20 41 41 20 41 41 20 41 41 20 
41 41 20 41 41 20 41 41 20 30 
35 20 0A 35 35 20 44 33 20 38 
30 20 46 46 20 46 46 20 46 46 
20 46 46 20 46 46 20 37 42 20 
30 35 20 0A 35 35 20 46 46 20 
46 30 20 41 41 20 41 41 20 41 
41 20 41 41 20 41 41 20 41 41 
20 30 35 20 0A 35 35 20 46 46 
20 46 30 20 41 41 20 41 41 20 
41 41 20 41 41 20 41 41 20 41 
41 20 30 35 20 0A 35 35 20 44 
34 20 30 30 20 30 30 20 30 38 
20 30 34 20 30 30 20 38 32 20 
36 35 20 30 35 20 0A 35 35 20 
46 46 20 46 30 20 41 41 20 41 
41 20 41 41 20 41 41 20 41 41 
20 41 41 20 30 35 20 0A 35 35 
20 44 33 20 38 30 20 46 46 20 
46 46 20 46 46 20 46 46 20 46 
46 20 37 42 20 30 35 20 0A 35 
35 20 46 46 20 46 30 20 41 41 
20 41 41 20 41 41 20 41 41 20 
41 41 20 41 41 20 30 35 20 0A 
35 35 20 44 36 20 38 38 20 38 
38 20 38 38 20 31 34 20 35 30 
20 41 41 20 42 30 20 30 35 20 
0A 35 35 20 46 46 20 46 30 20 
41 41 20 41 41 20 41 41 20 41 
41 20 41 41 20 41 41 20 30 35 
20 0A 35 35 20 44 34 20 30 30 
20 30 30 20 30 38 20 30 34 20 
30 30 20 38 32 20 36 35 20 30 
35 20 0A 35 35 20 44 33 20 38 
30 20 46 46 20 46 46 20 46 46 
20 46 46 20 46 46 20 37 42 20 
30 35 20 0A 35 35 20 46 46 20 
46 30 20 41 41 20 41 41 20 41 
41 20 41 41 20 41 41 20 41 41 
20 30 35 20 0A 35 35 20 46 46 
20 46 30 20 41 41 20 41 41 20 
41 41 20 41 41 20 41 41 20 41 
41 20 30 35 20 0A 35 35 20 46 
46 20 46 30 20 41 41 20 41 41 
20 41 41 20 41 41 20 41 41 20 
41 41 20 30 35 20 0A 35 35 20 
44 34 20 30 30 20 30 30 20 30 
38 20 30 34 20 30 30 20 38 32 
20 36 35 20 30 35 20 0A 35 35 
20 44 33 20 38 30 20 46 46 20 
46 46 20 46 46 20 46 46 20 46 
46 20 37 42 20 30 35 20 0A 35 
35 20 46 46 20 46 30 20 41 41 
20 41 41 20 41 41 20 41 41 20 
41 41 20 41 41 20 30 35 20 0A 
35 35 20 44 36 20 38 38 20 38 
38 20 38 38 20 31 34 20 35 30 
20 41 41 20 42 30 20 30 35 20 
0A 35 35 20 46 46 20 46 30 20 
41 41 20 41 41 20 41 41 20 41 
41 20 41 41 20 41 41 20 30 35 
20 0A 35 35 20 46 46 20 46 30 
20 41 41 20 41 41 20 41 41 20 
41 41 20 41 41 20 41 41 20 30 
35 20 0A 35 35 20 44 34 20 30 
30 20 30 30 20 30 38 20 30 34 
20 30 30 20 38 32 20 36 35 20 
30 35 20 0A 35 35 20 44 33 20 
38 30 20 46 46 20 46 46 20 46 
46 20 46 46 20 46 46 20 37 42 
20 30 35 20 0A 35 35 20 46 46 
20 46 30 20 41 41 20 41 41 20 
41 41 20 41 41 20 41 41 20 41 
41 20 30 35 20 0A 35 35 20 46 
46 20 46 30 20 41 41 20 41 41 
20 41 41 20 41 41 20 41 41 20 
41 41 20 30 35 20 0A 35 35 20 
46 46 20 46 30 20 41 41 20 41 
41 20 41 41 20 41 41 20 41 41 
20 41 41 20 30 35 20 0A 35 35 
20 44 34 20 30 30 20 30 30 20 
30 38 20 30 34 20 30 30 20 38 
32 20 36 35 20 30 35 20 0A 35 
35 20 44 33 20 38 30 20 46 46 
20 46 46 20 46 46 20 46 46 20 
46 46 20 37 42 20 30 35 20 0A 
35 35 20 46 46 20 46 30 20 41 
41 20 41 41 20 41 41 20 41 41 
20 41 41 20 41 41 20 30 35 20 
0A 35 35 20 44 36 20 38 38 20 
38 38 20 38 38 20 31 34 20 35 
30 20 41 41 20 42 30 20 30 35 
20 0A 35 35 20 46 46 20 46 30 
20 41 41 20 41 41 20 41 41 20 
41 41 20 41 41 20 41 41 20 30 
35 20 0A 35 35 20 46 46 20 46 
30 20 41 41 20 41 41 20 41 41 
20 41 41 20 41 41 20 41 41 20 
30 35 20 0A 35 35 20 44 34 20 
30 30 20 30 30 20 30 38 20 30 
34 20 30 30 20 38 32 20 36 35 
20 30 35 20 0A 35 35 20 44 33 
20 38 30 20 46 46 20 46 46 20 
46 46 20 46 46 20 46 46 20 37 
42 20 30 35 20 0A 35 35 20 46 
46 20 46 30 20 41 41 20 41 41 
20 41 41 20 41 41 20 41 41 20 
41 41 20 30 35 20 0A 35 35 20 
46 46 20 46 30 20 41 41 20 41 
41 20 41 41 20 41 41 20 41 41 
20 41 41 20 30 35 20 0A 35 35 
20 46 46 20 46 30 20 41 41 20 
41 41 20 41 41 20 41 41 20 41 
41 20 41 41 20 30 35 20 0A 35 
35 20 44 34 20 30 30 20 30 30 
20 30 38 20 30 34 20 30 30 20 
38 32 20 36 35 20 30 35 20 0A 
35 35 20 44 33 20 38 30 20 46 
46 20 46 46 20 46 46 20 46 46 
20 46 46 20 37 42 20 30 35 20 
0A 35 35 20 46 46 20 46 30 20 
41 41 20 41 41 20 41 41 20 41 
41 20 41 41 20 41 41 20 30 35 
20 0A 35 35 20 44 36 20 38 38 
20 38 38 20 38 38 20 31 34 20 
35 30 20 41 41 20 42 30 20 30 
35 20 0A 35 35 20 46 46 20 46 
30 20 41 41 20 41 41 20 41 41 
20 41 41 20 41 41 20 41 41 20 
30 35 20 0A 35 35 20 44 34 20 
30 30 20 30 30 20 30 38 20 30 
34 20 30 30 20 38 32 20 36 35 
20 30 35 20 0A 35 35 20 46 46 
20 46 30 20 41 41 20 41 41 20 
41 41 20 41 41 20 41 41 20 41 
41 20 30 35 20 0A 35 35 20 44 
33 20 38 30 20 46 46 20 46 46 
20 46 46 20 46 46 20 46 46 20 
37 42 20 30 35 20 0A 35 35 20 
46 46 20 46 30 20 41 41 20 41 
41 20 41 41 20 41 41 20 41 41 
20 41 41 20 30 35 20 0A 35 35 
20 46 46 20 46 30 20 41 41 20 
41 41 20 41 41 20 41 41 20 41 
41 20 41 41 20 30 35 20 0A 35 
35 20 44 34 20 30 30 20 30 30 
20 30 38 20 30 34 20 38 30 20 
38 32 20 36 35 20 30 35 20 0A 
35 35 20 46 46 20 46 30 20 41 
41 20 41 41 20 41 41 20 41 41 
20 41 41 20 41 41 20 30 35 20 
0A 35 35 20 44 33 20 38 30 20 
46 46 20 46 46 20 46 46 20 46 
46 20 46 46 20 37 42 20 30 35 
20 0A 35 35 20 46 46 20 46 30 
20 41 41 20 41 41 20 41 41 20 
41 41 20 41 41 20 41 41 20 30 
35 20 0A 35 35 20 44 36 20 38 
38 20 38 38 20 38 38 20 31 34 
20 35 30 20 41 41 20 42 30 20 
30 35 20 0A 35 35 20 46 46 20 
46 30 20 41 41 20 41 41 20 41 
41 20 41 41 20 41 41 20 41 41 
20 30 35 20 0A 35 35 20 44 34 
20 38 30 20 30 30 20 38 38 20 
30 34 20 30 30 20 38 32 20 36 
35 20 30 35 20 0A 35 35 20 46 
46 20 46 30 20 41 41 20 41 41 
20 41 41 20 41 41 20 41 41 20 
41 41 20 30 35 20 0A 35 35 20 
44 33 20 38 30 20 46 46 20 46 
46 20 46 46 20 46 46 20 46 46 
20 37 42 20 30 35 20 0A 35 35 
20 46 46 20 46 30 20 41 41 20 
41 41 20 41 41 20 41 41 20 41 
41 20 41 41 20 30 35 20 0A 35 
35 20 46 46 20 46 30 20 41 41 
20 41 41 20 41 41 20 41 41 20 
41 41 20 41 41 20 30 35 20 0A 
35 35 20 44 34 20 30 30 20 30 
30 20 30 38 20 30 34 20 30 30 
20 38 32 20 36 35 20 30 35 20 
0A 35 35 20 46 46 20 46 30 20 
41 41 20 41 41 20 41 41 20 41 
41 20 41 41 20 41 41 20 30 35 
20 0A 35 35 20 44 33 20 38 30 
20 46 46 20 46 46 20 46 46 20 
46 46 20 46 46 20 37 42 20 30 
35 20 0A 35 35 20 46 46 20 46 
30 20 41 41 20 41 41 20 41 41 
20 41 41 20 41 41 20 41 41 20 
30 35 20 0A 35 35 20 44 36 20 
38 38 20 38 38 20 38 38 20 31 
34 20 35 30 20 41 41 20 42 30 
20 30 35 20 0A 35 35 20 46 46 
20 46 30 20 41 41 20 41 41 20 
41 41 20 41 41 20 41 41 20 41 
41 20 30 35 20 0A 35 35 20 44 
34 20 30 30 20 30 30 20 30 38 
20 30 34 20 30 30 20 38 32 20 
36 35 20 30 35 20 0A 35 35 20 
46 46 20 46 30 20 41 41 20 41 
41 20 41 41 20 41 41 20 41 41 
20 41 41 20 30 35 20 0A 35 35 
20 44 33 20 38 30 20 46 46 20 
46 46 20 46 46 20 46 46 20 46 
46 20 37 42 20 30 35 20 0A 35 
35 20 46 46 20 46 30 20 41 41 
20 41 41 20 41 41 20 41 41 20 
41 41 20 41 41 20 30 35 20 0A 
35 35 20 46 46 20 46 30 20 41 
41 20 41 41 20 41 41 20 41 41 
20 41 41 20 41 41 20 30 35 20 
0A 35 35 20 44 34 20 30 30 20 
30 30 20 30 38 20 30 34 20 30 
30 20 38 32 20 36 35 20 30 35 
20 0A 35 35 20 46 46 20 46 30 
20 41 41 20 41 41 20 41 41 20 
41 41 20 41 41 20 41 41 20 30 
35 20 0A 35 35 20 44 33 20 38 
30 20 46 46 20 46 46 20 46 46 
20 46 46 20 46 46 20 37 42 20 
30 35 20 0A 35 35 20 44 36 20 
38 38 20 38 38 20 38 38 20 31 
34 20 35 30 20 46 46 20 33 42 
20 30 35 20 0A 35 35 20 46 46 
20 46 30 20 41 41 20 41 41 20 
41 41 20 41 41 20 41 41 20 41 
41 20 30 35 20 0A 35 35 20 46 
46 20 46 30 20 41 41 20 41 41 
20 41 41 20 41 41 20 41 41 20 
41 41 20 30 35 20 0A 35 35 20 
44 34 20 30 30 20 30 30 20 30 
38 20 30 34 20 30 30 20 38 32 
20 36 35 20 30 35 20 0A 35 35 
20 44 33 20 38 30 20 46 46 20 
46 46 20 46 46 20 46 46 20 46 
46 20 37 42 20 30 35 20 0A 35 
35 20 46 46 20 46 30 20 41 41 
20 41 41 20 41 41 20 41 41 20 
41 41 20 41 41 20 30 35 20 0A 
35 35 20 46 46 20 46 30 20 41 
41 20 41 41 20 41 41 20 41 41 
20 41 41 20 41 41 20 30 35 20 
0A 35 35 20 46 46 20 46 30 20 
41 41 20 41 41 20 41 41 20 41 
41 20 41 41 20 41 41 20 30 35 
20 0A 35 35 20 44 34 20 30 30 
20 38 30 20 30 38 20 30 34 20 
30 30 20 38 32 20 36 35 20 30 
35 20 0A 35 35 20 44 33 20 38 
30 20 46 46 20 46 46 20 46 46 
20 46 46 20 46 46 20 37 42 20 
30 35 20 0A 35 35 20 46 46 20 
46 30 20 41 41 20 41 41 20 41 
41 20 41 41 20 41 41 20 41 41 
20 30 35 20 0A 35 35 20 44 36 
20 38 38 20 38 38 20 38 38 20 
31 34 20 35 30 20 41 41 20 42 
30 20 30 35 20 0A 35 35 20 46 
46 20 46 30 20 41 41 20 41 41 
20 41 41 20 41 41 20 41 41 20 
41 41 20 30 35 20 0A 35 35 20 
46 46 20 46 30 20 41 41 20 41 
41 20 41 41 20 41 41 20 41 41 
20 41 41 20 30 35 20 0A 35 35 
20 44 34 20 30 30 20 30 30 20 
30 38 20 30 34 20 30 30 20 38 
32 20 36 35 20 30 35 20 0A 35 
35 20 44 33 20 38 30 20 46 46 
20 46 46 20 46 46 20 46 46 20 
46 46 20 37 42 20 30 35 20 0A 
35 35 20 46 46 20 46 30 20 41 
41 20 41 41 20 41 41 20 41 41 
20 41 41 20 41 41 20 30 35 20 
0A 35 35 20 46 46 20 46 30 20 
41 41 20 41 41 20 41 41 20 41 
41 20 41 41 20 41 41 20 30 35 
20 0A 35 35 20 46 46 20 46 30 
20 41 41 20 41 41 20 41 41 20 
41 41 20 41 41 20 41 41 20 30 
35 20 0A 35 35 20 44 34 20 30 
30 20 38 30 20 30 38 20 30 34 
20 30 30 20 38 32 20 36 35 20 
30 35 20 0A 35 35 20 44 33 20 
38 30 20 46 46 20 46 46 20 46 
46 20 46 46 20 46 46 20 37 42 
20 30 35 20 0A 35 35 20 46 46 
20 46 30 20 41 41 20 41 41 20 
41 41 20 41 41 20 41 41 20 41 
41 20 30 35 20 0A 35 35 20 44 
36 20 38 38 20 38 38 20 38 38 
20 31 34 20 35 30 20 41 41 20 
42 30 20 30 35 20 0A 35 35 20 
46 46 20 46 30 20 41 41 20 41 
41 20 41 41 20 41 41 20 41 41 
20 41 41 20 30 35 20 0A 30 35 
20 20 